0.000000 0.000000 0.000000
0.930000 0.025190 0.025192
1.860000 0.050380 0.050398
2.790000 0.075568 0.075630
3.720000 0.100754 0.100903
4.650000 0.125938 0.126228
5.580000 0.151119 0.151621
6.510000 0.176295 0.177094
7.440000 0.201468 0.202662
8.370000 0.226635 0.228339
9.300000 0.251796 0.254138
10.230000 0.276951 0.280075
11.160000 0.302099 0.306164
12.090000 0.327240 0.332421
13.020000 0.352372 0.358862
13.950000 0.377495 0.385501
14.880000 0.402608 0.412356
15.810000 0.427711 0.439444
16.740000 0.452803 0.466782
17.670000 0.477884 0.494388
18.600000 0.502952 0.522282
19.530000 0.528008 0.550481
20.460000 0.553050 0.579008
21.390000 0.578078 0.607882
22.320000 0.603091 0.637125
23.250000 0.628088 0.666761
24.180000 0.653069 0.696813
25.110000 0.678033 0.727307
26.040000 0.702980 0.758268
26.970000 0.727909 0.789724
27.900000 0.752818 0.821704
28.830000 0.777708 0.854238
29.760000 0.802577 0.887360
30.690000 0.827425 0.921101
31.620000 0.852252 0.955500
32.550000 0.877055 0.990592
33.480000 0.901835 1.026420
34.410000 0.926591 1.063025
35.340000 0.951322 1.100454
36.270000 0.976027 1.138754
37.200000 1.000706 1.177978
38.130000 1.025357 1.218180
39.060000 1.049979 1.259420
39.990000 1.074572 1.301761
40.920000 1.099135 1.345271
41.850000 1.123666 1.390023
42.780000 1.148165 1.436095
43.710000 1.172631 1.483573
44.640000 1.197062 1.532547
45.570000 1.221458 1.583118
46.500000 1.245817 1.635391
47.430000 1.270137 1.689483
48.360000 1.294419 1.745522
49.290000 1.318660 1.803646
50.220000 1.342858 1.864004
51.150000 1.367013 1.926763
52.080000 1.391123 1.992104
53.010000 1.415186 2.060225
53.940000 1.439201 2.131348
54.870000 1.463166 2.205713
55.800000 1.487078 2.283592
56.730000 1.510936 2.365281
57.660000 1.534738 2.451116
58.590000 1.558481 2.541467
59.520000 1.582163 2.636753
60.450000 1.605782 2.737445
61.380000 1.629334 2.844072
62.310000 1.652818 2.957238
63.240000 1.676230 3.077629
64.170000 1.699567 3.206029
65.100000 1.722826 3.343339
66.030000 1.746003 3.490600
66.960000 1.769095 3.649023
67.890000 1.792098 3.820019
68.820000 1.815007 4.005249
69.750000 1.837819 4.206677
70.680000 1.860528 4.426648
71.610000 1.883130 4.667977
72.540000 1.905621 4.934083
73.470000 1.927993 5.229151
74.400000 1.950243 5.558365
75.330000 1.972363 5.928223
76.260000 1.994348 6.346981
77.190000 2.016192 6.825295
78.120000 2.037887 7.377155
79.050000 2.059426 8.021304
79.980000 2.080802 8.783442
80.910000 2.102007 9.699789
81.840000 2.123033 10.823074
82.770000 2.143872 12.233155
83.700000 2.164514 14.057047
84.630000 2.184952 16.509746
85.560000 2.205175 19.986380
86.490000 2.225173 25.300833
87.420000 2.244938 34.440459
88.350000 2.264459 53.872991
89.280000 2.283726 123.479230
90.210000 2.302727 -423.575793
91.140000 2.321454 -77.994132
92.070000 2.339894 -42.938981
93.000000 2.358037 -29.613365