0.000000
0.001698
0.003403
0.005107
0.006811
0.008515
0.010219
0.011923
0.013627
0.015330
0.017034
0.018738
0.020442
0.022146
0.023850
0.025554
0.027258
0.028961
0.030666
0.032370
0.034074
0.035778
0.037482
0.039186
0.040891
0.042595
0.044300
0.046005
0.047709
0.049414
0.051119
0.052825
0.054530
0.056235
0.057941
0.059647
0.061352
0.063058
0.064765
0.066471
0.068177
0.069884
0.071591
0.073298
0.075005
0.076712
0.078420
0.080128
0.081836
0.083544
0.085252
0.086961
0.088670
0.090379
0.092088
0.093798
0.095508
0.097218
0.098928
0.100638
0.102349
0.104060
0.105771
0.107483
0.109194
0.110906
0.112619
0.114331
0.116044
0.117757
0.119471
0.121184
0.122898
0.124613
0.126327
0.128042
0.129757
0.131473
0.133188
0.134904
0.136621
0.138337
0.140055
0.141772
0.143489
0.145207
0.146926
0.148644
0.150363
0.152083
0.153802
0.155522
0.157243
0.158963
0.160684
0.162406
0.164127
0.165849
0.167572
0.169295
0.171018
0.172741
0.174465
0.176189
0.177914
0.179639
0.181364
0.183090
0.184816
0.186543
0.188270
0.189997
0.191725
0.193453
0.195181
0.196910
0.198640
0.200369
0.202099
0.203830
0.205561
0.207292
0.209024
0.210756
0.212489
0.214222
0.215955
0.217689
0.219424
0.221158
0.222894
0.224629
0.226365
0.228102
0.229839
0.231576
0.233314
0.235053
0.236791
0.238531
0.240270
0.242011
0.243751
0.245493
0.247234
0.248976
0.250719
0.252462
0.254206
0.255950
0.257694
0.259439
0.261185
0.262931
0.264678
0.266425
0.268172
0.269920
0.271669
0.273418
0.275168
0.276918
0.278669
0.280420
0.282172
0.283924
0.285677
0.287430
0.289184
0.290938
0.292693
0.294449
0.296205
0.297962
0.299719
0.301477
0.303235
0.304994
0.306754
0.308514
0.310275
0.312036
0.313798
0.315560
0.317323
0.319087
0.320851
0.322616
0.324382
0.326148
0.327914
0.329682
0.331450
0.333218
0.334987
0.336757
0.338528
0.340299
0.342070
0.343843
0.345616
0.347389
0.349164
0.350939
0.352714
0.354491
0.356268
0.358045
0.359823
0.361602
0.363382
0.365162
0.366943
0.368725
0.370507
0.372290
0.374074
0.375859
0.377644
0.379430
0.381216
0.383004
0.384792
0.386580
0.388370
0.390160
0.391951
0.393743
0.395535
0.397328
0.399122
0.400917
0.402712
0.404508
0.406305
0.408103
0.409902
0.411701
0.413501
0.415302
0.417103
0.418905
0.420709
0.422512
0.424317
0.426123
0.427929
0.429736
0.431544
0.433353
0.435162
0.436973
0.438784
0.440596
0.442409
0.444223
0.446037
0.447853
0.449669
0.451486
0.453304
0.455123
0.456942
0.458763
0.460584
0.462406
0.464229
0.466053
0.467878
0.469704
0.471531
0.473358
0.475187
0.477016
0.478846
0.480677
0.482509
0.484342
0.486176
0.488011
0.489847
0.491684
0.493521
0.495360
0.497199
0.499040
0.500881
0.502723
0.504567
0.506411
0.508256
0.510102
0.511949
0.513798
0.515647
0.517497
0.519348
0.521200
0.523053
0.524907
0.526762
0.528618
0.530475
0.532333
0.534192
0.536053
0.537914
0.539776
0.541639
0.543503
0.545369
0.547235
0.549102
0.550971
0.552840
0.554711
0.556582
0.558455
0.560329
0.562204
0.564079
0.565956
0.567834
0.569714
0.571594
0.573475
0.575358
0.577241
0.579126
0.581012
0.582899
0.584787
0.586676
0.588566
0.590457
0.592350
0.594244
0.596139
0.598035
0.599932
0.601830
0.603729
0.605630
0.607532
0.609435
0.611339
0.613244
0.615151
0.617059
0.618967
0.620877
0.622789
0.624701
0.626615
0.628530
0.630446
0.632363
0.634282
0.636202
0.638123
0.640045
0.641968
0.643893
0.645819
0.647746
0.649675
0.651605
0.653536
0.655468
0.657402
0.659336
0.661272
0.663210
0.665148
0.667088
0.669030
0.670972
0.672916
0.674861
0.676808
0.678755
0.680704
0.682655
0.684606
0.686559
0.688514
0.690470
0.692427
0.694385
0.696345
0.698306
0.700268
0.702232
0.704197
0.706163
0.708131
0.710100
0.712071
0.714043
0.716016
0.717991
0.719967
0.721944
0.723923
0.725903
0.727885
0.729868
0.731852
0.733838
0.735825
0.737814
0.739804
0.741796
0.743788
0.745783
0.747779
0.749776
0.751774
0.753774
0.755776
0.757779
0.759783
0.761789
0.763796
0.765804
0.767814
0.769826
0.771839
0.773853
0.775869
0.777887
0.779906
0.781926
0.783948
0.785971
0.787995
0.790022
0.792049
0.794078
0.796109
0.798141
0.800175
0.802210
0.804246
0.806284
0.808324
0.810364
0.812407
0.814451
0.816496
0.818543
0.820592
0.822641
0.824693
0.826746
0.828800
0.830856
0.832913
0.834972
0.837033
0.839094
0.841158
0.843223
0.845289
0.847357
0.849426
0.851497
0.853570
0.855643
0.857719
0.859796
0.861874
0.863954
0.866035
0.868118
0.870203
0.872288
0.874376
0.876465
0.878555
0.880647
0.882740
0.884835
0.886931
0.889029
0.891128
0.893229
0.895331
0.897435
0.899540
0.901647
0.903755
0.905865
0.907976
0.910089
0.912203
0.914318
0.916435
0.918554
0.920673
0.922795
0.924918
0.927042
0.929168
0.931295
0.933423
0.935554
0.937685
0.939818
0.941952
0.944088
0.946225
0.948364
0.950504
0.952645
0.954788
0.956932
0.959078
0.961225
0.963373
0.965523
0.967674
0.969827
0.971981
0.974136
0.976293
0.978451
0.980610
0.982771
0.984933
0.987096
0.989261
0.991427
0.993595
0.995763
0.997933
1.000104
1.002277
1.004451
1.006626
1.008803
1.010980
1.013159
1.015339
1.017521
1.019704
1.021887
1.024073
1.026259
1.028447
1.030635
1.032825
1.035017
1.037209
1.039403
1.041597
1.043793
1.045990
1.048188
1.050388
1.052588
1.054790
1.056992
1.059196
1.061401
1.063607
1.065814
1.068022
1.070231
1.072442
1.074653
1.076865
1.079079
1.081293
1.083508
1.085725
1.087942
1.090160
1.092379
1.094600
1.096821
1.099043
1.101266
1.103490
1.105715
1.107941
1.110167
1.112395
1.114623
1.116852
1.119082
1.121313
1.123545
1.125778
1.128011
1.130245
1.132480
1.134716
1.136952
1.139189
1.141427
1.143666
1.145905
1.148145
1.150386
1.152627
1.154869
1.157112
1.159355
1.161599
1.163844
1.166089
1.168335
1.170581
1.172828
1.175075
1.177323
1.179572
1.181821
1.184070
1.186320
1.188571
1.190822
1.193073
1.195325
1.197578
1.199830
1.202083
1.204337
1.206591
1.208845
1.211100
1.213355
1.215610
1.217866
1.220122
1.222378
1.224634
1.226891
1.229148
1.231405
1.233662
1.235920
1.238178
1.240436
1.242694
1.244952
1.247211
1.249469
1.251728
1.253987
1.256246
1.258505
1.260764
1.263023
1.265282
1.267541
1.269800
1.272059
1.274318
1.276578
1.278837
1.281096
1.283355
1.285613
1.287872
1.290131
1.292389
1.294648
1.296906
1.299164
1.301422
1.303680
1.305937
1.308195
1.310452
1.312708
1.314965
1.317222
1.319478
1.321733
1.323989
1.326244
1.328499
1.330753
1.333007
1.335261
1.337515
1.339767
1.342020
1.344272
1.346524
1.348775
1.351026
1.353276
1.355526
1.357776
1.360025
1.362273
1.364521
1.366768
1.369015
1.371261
1.373507
1.375752
1.377997
1.380241
1.382484
1.384727
1.386969
1.389210
1.391451
1.393691
1.395930
1.398169
1.400407
1.402644
1.404881
1.407116
1.409351
1.411586
1.413819
1.416052
1.418284
1.420515
1.422746
1.424975
1.427204
1.429432
1.431659
1.433885
1.436111
1.438335
1.440559
1.442782
1.445004
1.447224
1.449445
1.451664
1.453882
1.456099
1.458315
1.460531
1.462745
1.464958
1.467171
1.469382
1.471593
1.473802
1.476011
1.478218
1.480425
1.482630
1.484835
1.487038
1.489240
1.491441
1.493641
1.495841
1.498039
1.500236
1.502432
1.504626
1.506820
1.509013
1.511204
1.513395
1.515584
1.517772
1.519959
1.522145
1.524330
1.526513
1.528696
1.530877
1.533057
1.535236
1.537414
1.539591
1.541767
1.543941
1.546114
1.548286
1.550457
1.552627
1.554795
1.556963
1.559129
1.561294
1.563457
1.565620
1.567781
1.569941
1.572100
1.574258
1.576415
1.578570
1.580724
1.582877
1.585029
1.587179
1.589328
1.591477
1.593623
1.595769
1.597913
1.600057
1.602199
1.604339
1.606479
1.608617
1.610754
1.612890
1.615025
1.617159
1.619291
1.621422
1.623552
1.625680
1.627808
1.629934
1.632059
1.634183
1.636306
1.638427
1.640547
1.642666
1.644784
1.646901
1.649016
1.651130
1.653244
1.655355
1.657466
1.659576
1.661684
1.663791
1.665897
1.668002
1.670106
1.672209
1.674310
1.676410
1.678509
1.680607
1.682704
1.684800
1.686894
1.688988
1.691080
1.693171
1.695261
1.697351
1.699438
1.701525
1.703611
1.705696
1.707779
1.709862
1.711943
1.714023
1.716103
1.718181
1.720258
1.722334
1.724409
1.726483
1.728556
1.730628
1.732699
1.734769
1.736838
1.738906
1.740973
1.743039
1.745104
1.747168
1.749231
1.751293
1.753354
1.755414
1.757474
1.759532
1.761589
1.763646
1.765701
1.767756
1.769810
1.771863
1.773914
1.775966
1.778016
1.780065
1.782114
1.784161
1.786208
1.788254
1.790299
1.792344
1.794387
1.796430
1.798472
1.800513
1.802553
1.804593
1.806632
1.808670
1.810707
1.812744
1.814780
1.816815
1.818849
1.820883
1.822916
1.824948
1.826980
1.829011
1.831041
1.833071
1.835100
1.837128
1.839156
1.841183
1.843210
1.845236
1.847261
1.849286
1.851310
1.853334
1.855357
1.857379
1.859401
1.861423
1.863444
1.865464
1.867484
1.869504
1.871523
1.873541
1.875559
1.877577
1.879594
1.881611
1.883627
1.885643
1.887659
1.889674
1.891689
1.893703
1.895717
1.897731
1.899745
1.901758
1.903770
1.905783
1.907795
1.909807
1.911818
1.913830
1.915841
1.917852
1.919862
1.921873
1.923883
1.925893
1.927903
1.929913
1.931922
1.933932
1.935941
1.937950
1.939959
1.941968
1.943977
1.945986
1.947995
1.950003
1.952012
1.954021
1.956029
1.958038
1.960047
1.962055
1.964064
1.966073
1.968082
1.970091
1.972100
1.974109
1.976119
1.978128
1.980138
1.982148
1.984158
1.986168
1.988178
1.990189
1.992200
1.994211
1.996223
