0.000000
0.001775
0.003536
0.005297
0.007058
0.008818
0.010579
0.012340
0.014101
0.015862
0.017624
0.019385
0.021146
0.022908
0.024669
0.026431
0.028192
0.029954
0.031716
0.033478
0.035240
0.037003
0.038765
0.040527
0.042290
0.044053
0.045816
0.047579
0.049342
0.051105
0.052869
0.054632
0.056396
0.058160
0.059924
0.061688
0.063453
0.065218
0.066982
0.068747
0.070513
0.072278
0.074044
0.075810
0.077576
0.079342
0.081108
0.082875
0.084642
0.086409
0.088177
0.089944
0.091712
0.093480
0.095249
0.097017
0.098786
0.100555
0.102325
0.104094
0.105864
0.107635
0.109405
0.111176
0.112947
0.114718
0.116490
0.118262
0.120034
0.121807
0.123580
0.125353
0.127127
0.128901
0.130675
0.132450
0.134224
0.136000
0.137775
0.139551
0.141328
0.143104
0.144881
0.146659
0.148436
0.150215
0.151993
0.153772
0.155551
0.157331
0.159111
0.160892
0.162672
0.164454
0.166235
0.168017
0.169800
0.171583
0.173366
0.175150
0.176934
0.178719
0.180504
0.182290
0.184076
0.185862
0.187649
0.189436
0.191224
0.193013
0.194801
0.196591
0.198380
0.200171
0.201961
0.203753
0.205544
0.207336
0.209129
0.210922
0.212716
0.214510
0.216305
0.218100
0.219896
0.221693
0.223489
0.225287
0.227085
0.228883
0.230682
0.232482
0.234282
0.236083
0.237884
0.239686
0.241488
0.243291
0.245095
0.246899
0.248704
0.250509
0.252315
0.254122
0.255929
0.257737
0.259545
0.261354
0.263164
0.264974
0.266785
0.268596
0.270408
0.272221
0.274034
0.275848
0.277663
0.279478
0.281294
0.283111
0.284928
0.286746
0.288565
0.290384
0.292204
0.294025
0.295846
0.297668
0.299491
0.301314
0.303139
0.304963
0.306789
0.308615
0.310442
0.312270
0.314098
0.315927
0.317757
0.319588
0.321419
0.323251
0.325084
0.326917
0.328752
0.330587
0.332422
0.334259
0.336096
0.337934
0.339773
0.341613
0.343453
0.345294
0.347136
0.348979
0.350823
0.352667
0.354512
0.356358
0.358205
0.360052
0.361900
0.363750
0.365600
0.367450
0.369302
0.371154
0.373008
0.374862
0.376717
0.378572
0.380429
0.382286
0.384145
0.386004
0.387864
0.389725
0.391586
0.393449
0.395312
0.397177
0.399042
0.400908
0.402775
0.404643
0.406511
0.408381
0.410251
0.412123
0.413995
0.415868
0.417742
0.419617
0.421493
0.423370
0.425248
0.427126
0.429006
0.430887
0.432768
0.434650
0.436534
0.438418
0.440303
0.442189
0.444076
0.445964
0.447853
0.449743
0.451634
0.453525
0.455418
0.457312
0.459207
0.461102
0.462999
0.464896
0.466795
0.468695
0.470595
0.472497
0.474399
0.476303
0.478207
0.480112
0.482019
0.483926
0.485835
0.487744
0.489655
0.491566
0.493479
0.495392
0.497307
0.499222
0.501139
0.503056
0.504975
0.506894
0.508815
0.510737
0.512659
0.514583
0.516508
0.518434
0.520361
0.522289
0.524218
0.526147
0.528078
0.530011
0.531944
0.533878
0.535813
0.537750
0.539687
0.541625
0.543565
0.545505
0.547447
0.549390
0.551333
0.553278
0.555224
0.557171
0.559119
0.561069
0.563019
0.564970
0.566922
0.568876
0.570831
0.572786
0.574743
0.576701
0.578660
0.580620
0.582581
0.584543
0.586507
0.588471
0.590437
0.592403
0.594371
0.596340
0.598310
0.600281
0.602254
0.604227
0.606201
0.608177
0.610154
0.612131
0.614110
0.616090
0.618072
0.620054
0.622037
0.624022
0.626007
0.627994
0.629982
0.631971
0.633961
0.635953
0.637945
0.639939
0.641934
0.643929
0.645926
0.647925
0.649924
0.651924
0.653926
0.655929
0.657932
0.659937
0.661943
0.663951
0.665959
0.667969
0.669979
0.671991
0.674004
0.676018
0.678034
0.680050
0.682068
0.684086
0.686106
0.688127
0.690149
0.692173
0.694197
0.696223
0.698249
0.700277
0.702306
0.704337
0.706368
0.708400
0.710434
0.712469
0.714505
0.716542
0.718580
0.720620
0.722660
0.724702
0.726745
0.728789
0.730834
0.732881
0.734928
0.736977
0.739026
0.741077
0.743129
0.745183
0.747237
0.749293
0.751349
0.753407
0.755466
0.757526
0.759588
0.761650
0.763714
0.765778
0.767844
0.769911
0.771980
0.774049
0.776119
0.778191
0.780264
0.782338
0.784413
0.786489
0.788566
0.790645
0.792724
0.794805
0.796887
0.798970
0.801054
0.803140
0.805226
0.807314
0.809402
0.811492
0.813583
0.815675
0.817768
0.819863
0.821958
0.824055
0.826153
0.828252
0.830352
0.832453
0.834555
0.836658
0.838763
0.840868
0.842975
0.845083
0.847192
0.849302
0.851413
0.853525
0.855639
0.857753
0.859869
0.861986
0.864104
0.866223
0.868343
0.870464
0.872586
0.874709
0.876834
0.878959
0.881086
0.883213
0.885342
0.887472
0.889603
0.891735
0.893868
0.896002
0.898138
0.900274
0.902412
0.904550
0.906690
0.908830
0.910972
0.913115
0.915259
0.917404
0.919550
0.921697
0.923845
0.925994
0.928144
0.930296
0.932448
0.934601
0.936756
0.938911
0.941068
0.943225
0.945384
0.947543
0.949704
0.951866
0.954028
0.956192
0.958357
0.960523
0.962690
0.964857
0.967026
0.969196
0.971367
0.973539
0.975712
0.977886
0.980061
0.982237
0.984414
0.986591
0.988770
0.990950
0.993131
0.995313
0.997496
0.999680
1.001865
1.004050
1.006237
1.008425
1.010614
1.012803
1.014994
1.017186
1.019378
1.021572
1.023766
1.025962
1.028158
1.030355
1.032554
1.034753
1.036953
1.039154
1.041356
1.043559
1.045763
1.047968
1.050174
1.052380
1.054588
1.056796
1.059006
1.061216
1.063428
1.065640
1.067853
1.070067
1.072282
1.074497
1.076714
1.078931
1.081150
1.083369
1.085589
1.087810
1.090032
1.092255
1.094479
1.096703
1.098929
1.101155
1.103382
1.105610
1.107839
1.110069
1.112299
1.114531
1.116763
1.118996
1.121230
1.123465
1.125700
1.127936
1.130174
1.132412
1.134650
1.136890
1.139131
1.141372
1.143614
1.145857
1.148101
1.150345
1.152590
1.154837
1.157083
1.159331
1.161579
1.163829
1.166079
1.168329
1.170581
1.172833
1.175086
1.177340
1.179595
1.181850
1.184106
1.186363
1.188621
1.190879
1.193138
1.195398
1.197659
1.199920
1.202182
1.204445
1.206708
1.208972
1.211237
1.213503
1.215770
1.218037
1.220304
1.222573
1.224842
1.227112
1.229383
1.231654
1.233926
1.236198
1.238472
1.240746
1.243020
1.245296
1.247572
1.249849
1.252126
1.254404
1.256683
1.258962
1.261242
1.263523
1.265804
1.268086
1.270369
1.272652
1.274936
1.277221
1.279506
1.281792
1.284078
1.286365
1.288653
1.290941
1.293230
1.295520
1.297810
1.300101
1.302392
1.304684
1.306977
1.309270
1.311564
1.313858
1.316153
1.318449
1.320745
1.323041
1.325339
1.327637
1.329935
1.332234
1.334534
1.336834
1.339135
1.341436
1.343738
1.346040
1.348344
1.350647
1.352951
1.355256
1.357561
1.359867
1.362173
1.364480
1.366787
1.369095
1.371404
1.373713
1.376022
1.378333
1.380643
1.382954
1.385266
1.387578
1.389891
1.392204
1.394518
1.396832
1.399147
1.401462
1.403777
1.406094
1.408410
1.410728
1.413045
1.415364
1.417682
1.420002
1.422321
1.424641
1.426962
1.429283
1.431605
1.433927
1.436250
1.438573
1.440896
1.443220
1.445545
1.447870
1.450195
1.452521
1.454848
1.457175
1.459502
1.461830
1.464158
1.466487
1.468816
1.471146
1.473476
1.475806
1.478137
1.480469
1.482800
1.485133
1.487466
1.489799
1.492133
1.494467
1.496801
1.499136
1.501472
1.503808
1.506144
1.508481
1.510818
1.513156
1.515494
1.517833
1.520171
1.522511
1.524851
1.527191
1.529532
1.531873
1.534215
1.536557
1.538899
1.541242
1.543585
1.545929
1.548273
1.550618
1.552963
1.555308
1.557654
1.560000
1.562347
1.564694
1.567042
1.569390
1.571738
1.574087
1.576436
1.578786
1.581136
1.583487
1.585837
1.588189
1.590541
1.592893
1.595246
1.597599
1.599952
1.602306
1.604661
1.607015
1.609371
1.611726
1.614082
1.616439
1.618796
1.621153
1.623511
1.625869
1.628228
1.630587
1.632946
1.635306
1.637667
1.640028
1.642389
1.644751
1.647113
1.649475
1.651838
1.654202
1.656566
1.658930
1.661295
1.663660
1.666026
1.668392
1.670758
1.673126
1.675493
1.677861
1.680229
1.682598
1.684967
1.687337
1.689707
1.692078
1.694449
1.696821
1.699193
1.701565
1.703938
1.706312
1.708686
1.711060
1.713435
1.715810
1.718186
1.720562
1.722939
1.725317
1.727694
1.730073
1.732452
1.734831
1.737211
1.739591
1.741971
1.744353
1.746735
1.749117
1.751500
1.753883
1.756267
1.758651
1.761036
1.763421
1.765807
1.768194
1.770581
1.772968
1.775356
1.777745
1.780134
1.782524
1.784914
1.787305
1.789696
1.792088
1.794480
1.796874
1.799267
1.801661
1.804056
1.806451
1.808847
1.811244
1.813641
1.816038
1.818437
1.820835
1.823235
1.825635
1.828036
1.830437
1.832839
1.835241
1.837644
1.840048
1.842453
1.844857
1.847263
1.849669
1.852076
1.854484
1.856892
1.859301
1.861711
1.864121
1.866532
1.868943
1.871356
1.873769
1.876182
1.878597
1.881012
1.883427
1.885844
1.888261
1.890679
1.893097
1.895517
1.897936
1.900357
1.902779
1.905201
1.907624
1.910047
1.912472
1.914897
1.917323
1.919750
1.922177
1.924606
1.927034
1.929464
1.931895
1.934327
1.936759
1.939192
1.941626
1.944060
1.946496
1.948932
1.951369
1.953807
1.956246
1.958686
1.961126
1.963568
1.966010
1.968453
1.970897
1.973342
1.975788
1.978234
1.980682
1.983130
1.985580
1.988030
1.990481
1.992933
1.995386
1.997840
2.000295
2.002751
2.005208
2.007666
2.010124
2.012584
2.015044
2.017506
2.019969
2.022432
2.024897
2.027363
2.029829
2.032297
2.034765
2.037235
2.039706
2.042177
2.044650
2.047124
2.049599
2.052075
2.054552
2.057030
2.059509
2.061989
2.064470
2.066953
2.069436
2.071921
2.074406
2.076893
2.079381
2.081870
2.084361
2.086852
2.089344
2.091838
2.094333
2.096829
2.099326
2.101824
2.104324
2.106824
2.109326
2.111830
2.114334
2.116839
2.119346
2.121854
2.124363
