0.000000
0.001723
0.003463
0.005204
0.006945
0.008685
0.010425
0.012165
0.013905
0.015645
0.017385
0.019125
0.020865
0.022605
0.024345
0.026085
0.027825
0.029565
0.031305
0.033045
0.034786
0.036526
0.038266
0.040007
0.041747
0.043488
0.045229
0.046969
0.048711
0.050452
0.052193
0.053935
0.055676
0.057418
0.059160
0.060902
0.062645
0.064388
0.066131
0.067874
0.069617
0.071361
0.073105
0.074849
0.076593
0.078338
0.080083
0.081828
0.083574
0.085320
0.087066
0.088813
0.090560
0.092307
0.094054
0.095802
0.097551
0.099299
0.101048
0.102798
0.104547
0.106297
0.108048
0.109799
0.111550
0.113302
0.115054
0.116807
0.118560
0.120313
0.122067
0.123822
0.125576
0.127332
0.129087
0.130843
0.132600
0.134357
0.136115
0.137873
0.139632
0.141391
0.143150
0.144910
0.146671
0.148432
0.150194
0.151956
0.153719
0.155482
0.157246
0.159010
0.160775
0.162540
0.164306
0.166073
0.167840
0.169608
0.171376
0.173145
0.174914
0.176685
0.178455
0.180226
0.181998
0.183771
0.185544
0.187318
0.189092
0.190867
0.192642
0.194418
0.196195
0.197973
0.199751
0.201530
0.203309
0.205089
0.206870
0.208651
0.210433
0.212216
0.213999
0.215783
0.217568
0.219354
0.221140
0.222927
0.224714
0.226502
0.228291
0.230081
0.231871
0.233662
0.235454
0.237247
0.239040
0.240834
0.242628
0.244424
0.246220
0.248017
0.249814
0.251613
0.253412
0.255212
0.257012
0.258814
0.260616
0.262419
0.264223
0.266027
0.267832
0.269638
0.271445
0.273253
0.275061
0.276870
0.278680
0.280491
0.282303
0.284115
0.285928
0.287742
0.289557
0.291373
0.293189
0.295006
0.296824
0.298643
0.300463
0.302284
0.304105
0.305927
0.307750
0.309574
0.311399
0.313225
0.315051
0.316879
0.318707
0.320536
0.322366
0.324197
0.326029
0.327861
0.329695
0.331529
0.333364
0.335200
0.337037
0.338875
0.340714
0.342553
0.344394
0.346236
0.348078
0.349921
0.351765
0.353610
0.355456
0.357303
0.359151
0.361000
0.362850
0.364700
0.366552
0.368404
0.370258
0.372112
0.373967
0.375824
0.377681
0.379539
0.381398
0.383258
0.385119
0.386981
0.388844
0.390708
0.392573
0.394438
0.396305
0.398173
0.400042
0.401911
0.403782
0.405654
0.407526
0.409400
0.411274
0.413150
0.415027
0.416904
0.418783
0.420662
0.422543
0.424424
0.426307
0.428191
0.430075
0.431961
0.433847
0.435735
0.437624
0.439513
0.441404
0.443296
0.445189
0.447082
0.448977
0.450873
0.452770
0.454668
0.456567
0.458467
0.460368
0.462270
0.464173
0.466077
0.467983
0.469889
0.471796
0.473705
0.475614
0.477525
0.479436
0.481349
0.483263
0.485178
0.487094
0.489011
0.490929
0.492848
0.494768
0.496689
0.498612
0.500535
0.502460
0.504385
0.506312
0.508240
0.510169
0.512099
0.514030
0.515962
0.517895
0.519830
0.521765
0.523702
0.525639
0.527578
0.529518
0.531459
0.533402
0.535345
0.537289
0.539235
0.541182
0.543129
0.545078
0.547028
0.548979
0.550932
0.552885
0.554840
0.556796
0.558752
0.560710
0.562670
0.564630
0.566591
0.568554
0.570518
0.572483
0.574449
0.576416
0.578384
0.580354
0.582324
0.584296
0.586269
0.588243
0.590219
0.592195
0.594173
0.596152
0.598132
0.600113
0.602095
0.604079
0.606063
0.608049
0.610036
0.612025
0.614014
0.616005
0.617997
0.619990
0.621984
0.623979
0.625976
0.627974
0.629973
0.631973
0.633974
0.635977
0.637981
0.639986
0.641992
0.643999
0.646008
0.648018
0.650029
0.652041
0.654055
0.656069
0.658085
0.660102
0.662121
0.664141
0.666161
0.668183
0.670207
0.672231
0.674257
0.676284
0.678312
0.680342
0.682373
0.684405
0.686438
0.688472
0.690508
0.692545
0.694583
0.696623
0.698663
0.700705
0.702749
0.704793
0.706839
0.708886
0.710934
0.712984
0.715035
0.717087
0.719140
0.721195
0.723251
0.725308
0.727367
0.729426
0.731487
0.733550
0.735613
0.737678
0.739745
0.741812
0.743881
0.745951
0.748022
0.750095
0.752169
0.754244
0.756321
0.758399
0.760478
0.762559
0.764641
0.766724
0.768808
0.770894
0.772981
0.775070
0.777160
0.779251
0.781343
0.783437
0.785532
0.787628
0.789726
0.791825
0.793926
0.796028
0.798131
0.800235
0.802341
0.804448
0.806557
0.808667
0.810778
0.812891
0.815005
0.817120
0.819237
0.821355
0.823475
0.825595
0.827718
0.829841
0.831967
0.834093
0.836221
0.838350
0.840480
0.842612
0.844746
0.846881
0.849017
0.851154
0.853293
0.855434
0.857576
0.859719
0.861863
0.864009
0.866157
0.868306
0.870456
0.872608
0.874761
0.876916
0.879072
0.881229
0.883388
0.885549
0.887711
0.889874
0.892039
0.894205
0.896372
0.898542
0.900712
0.902884
0.905058
0.907233
0.909409
0.911587
0.913767
0.915948
0.918130
0.920314
0.922499
0.924686
0.926875
0.929064
0.931256
0.933449
0.935643
0.937839
0.940037
0.942236
0.944436
0.946638
0.948842
0.951047
0.953253
0.955461
0.957671
0.959882
0.962095
0.964309
0.966525
0.968743
0.970962
0.973182
0.975404
0.977628
0.979853
0.982080
0.984309
0.986539
0.988770
0.991003
0.993238
0.995474
0.997712
0.999952
1.002193
1.004436
1.006680
1.008926
1.011174
1.013423
1.015674
1.017926
1.020180
1.022436
1.024693
1.026952
1.029213
1.031475
1.033739
1.036005
1.038272
1.040541
1.042812
1.045084
1.047358
1.049633
1.051910
1.054189
1.056470
1.058752
1.061036
1.063322
1.065609
1.067898
1.070189
1.072482
1.074776
1.077072
1.079369
1.081668
1.083970
1.086272
1.088577
1.090883
1.093191
1.095501
1.097812
1.100125
1.102440
1.104757
1.107075
1.109396
1.111718
1.114041
1.116367
1.118694
1.121023
1.123354
1.125686
1.128021
1.130357
1.132695
1.135034
1.137376
1.139719
1.142064
1.144411
1.146760
1.149111
1.151463
1.153817
1.156173
1.158531
1.160890
1.163252
1.165615
1.167980
1.170347
1.172716
1.175086
1.177459
1.179833
1.182209
1.184587
1.186967
1.189349
1.191732
1.194118
1.196505
1.198894
1.201285
1.203678
1.206073
1.208469
1.210868
1.213268
1.215670
1.218074
1.220480
1.222888
1.225298
1.227710
1.230123
1.232539
1.234956
1.237375
1.239796
1.242219
1.244644
1.247071
1.249500
1.251930
1.254363
1.256797
1.259234
1.261672
1.264112
1.266554
1.268999
1.271444
1.273892
1.276342
1.278794
1.281247
1.283703
1.286160
1.288620
1.291081
1.293545
1.296010
1.298477
1.300946
1.303417
1.305890
1.308365
1.310841
1.313320
1.315801
1.318283
1.320767
1.323254
1.325742
1.328232
1.330724
1.333219
1.335715
1.338213
1.340712
1.343214
1.345718
1.348224
1.350731
1.353241
1.355752
1.358265
1.360781
1.363298
1.365817
1.368338
1.370861
1.373385
1.375912
1.378441
1.380971
1.383504
1.386038
1.388574
1.391112
1.393652
1.396194
1.398738
1.401284
1.403831
1.406381
1.408932
1.411485
1.414040
1.416597
1.419156
1.421717
1.424279
1.426844
1.429410
1.431978
1.434548
1.437119
1.439693
1.442268
1.444846
1.447425
1.450006
1.452588
1.455173
1.457759
1.460347
1.462937
1.465529
1.468122
1.470718
1.473315
1.475913
1.478514
1.481116
1.483720
1.486326
1.488934
1.491543
1.494154
1.496767
1.499381
1.501997
1.504615
1.507235
1.509856
1.512479
1.515103
1.517730
1.520357
1.522987
1.525618
1.528251
1.530886
1.533522
1.536159
1.538798
1.541439
1.544082
1.546726
1.549371
1.552019
1.554667
1.557317
1.559969
1.562622
1.565277
1.567933
1.570591
1.573250
1.575911
1.578573
1.581237
1.583902
1.586568
1.589236
1.591905
1.594576
1.597248
1.599922
1.602596
1.605273
1.607950
1.610629
1.613309
1.615990
1.618673
1.621357
1.624042
1.626729
1.629417
1.632105
1.634796
1.637487
1.640179
1.642873
1.645568
1.648264
1.650961
1.653659
1.656359
1.659059
1.661761
1.664463
1.667167
1.669872
1.672577
1.675284
1.677992
1.680700
1.683410
1.686120
1.688832
1.691544
1.694257
1.696972
1.699686
1.702402
1.705119
1.707836
1.710554
1.713274
1.715993
1.718714
1.721435
1.724157
1.726879
1.729603
1.732327
1.735051
1.737777
1.740502
1.743229
1.745956
1.748683
1.751411
1.754140
1.756869
1.759598
1.762328
1.765059
1.767789
1.770520
1.773252
1.775984
1.778716
1.781449
1.784182
1.786915
1.789648
1.792382
1.795116
1.797850
1.800584
1.803318
1.806053
1.808787
1.811522
1.814257
1.816992
1.819727
1.822461
1.825196
1.827931
1.830666
1.833401
1.836136
1.838870
1.841604
1.844339
1.847073
1.849806
1.852540
1.855273
1.858007
1.860739
1.863472
1.866204
1.868936
1.871667
1.874398
1.877129
1.879859
1.882589
1.885318
1.888047
1.890775
1.893503
1.896230
1.898956
1.901682
1.904407
1.907132
1.909856
1.912579
1.915301
1.918023
1.920744
1.923464
1.926183
1.928902
1.931620
1.934336
1.937052
1.939767
1.942481
1.945194
1.947906
1.950617
1.953327
1.956035
1.958743
1.961450
1.964155
1.966860
1.969563
1.972265
1.974966
1.977666
1.980364
1.983061
1.985757
1.988452
1.991145
1.993837
1.996527
1.999216
2.001904
2.004590
2.007275
2.009958
2.012640
2.015321
2.017999
2.020677
2.023353
2.026026
2.028699
2.031370
2.034039
2.036707
2.039373
2.042037
2.044700
2.047361
2.050020
2.052678
2.055333
2.057987
2.060639
2.063290
2.065938
2.068585
2.071229
2.073872
2.076514
2.079153
2.081790
2.084425
2.087059
2.089690
2.092319
2.094947
2.097573
2.100196
2.102818
2.105438
2.108055
2.110671
2.113284
2.115896
2.118505
2.121113
2.123718
2.126322
2.128923
2.131522
2.134119
2.136714
2.139307
2.141898
2.144487
2.147073
2.149658
2.152241
2.154821
2.157399
2.159975
2.162549
2.165121
2.167691
2.170259
2.172825
2.175389
2.177951
2.180510
2.183068
2.185623
2.188177
2.190728
2.193277
2.195825
2.198370
2.200914
2.203455
2.205995
2.208532
2.211068
2.213601
2.216133
2.218663
2.221191
2.223717
2.226242
2.228764
2.231285
2.233804
