0.000000
0.001754
0.003486
0.005217
0.006949
0.008681
0.010414
0.012146
0.013879
0.015611
0.017344
0.019078
0.020811
0.022545
0.024278
0.026012
0.027746
0.029480
0.031215
0.032949
0.034684
0.036418
0.038153
0.039888
0.041624
0.043359
0.045094
0.046830
0.048566
0.050301
0.052037
0.053773
0.055510
0.057246
0.058982
0.060719
0.062456
0.064193
0.065930
0.067667
0.069404
0.071141
0.072879
0.074616
0.076354
0.078092
0.079830
0.081568
0.083306
0.085045
0.086783
0.088522
0.090261
0.092000
0.093739
0.095478
0.097218
0.098957
0.100697
0.102437
0.104177
0.105917
0.107658
0.109398
0.111139
0.112880
0.114621
0.116362
0.118103
0.119845
0.121587
0.123329
0.125071
0.126813
0.128556
0.130299
0.132042
0.133785
0.135528
0.137272
0.139016
0.140760
0.142504
0.144249
0.145993
0.147738
0.149483
0.151229
0.152975
0.154721
0.156467
0.158213
0.159960
0.161707
0.163454
0.165202
0.166950
0.168698
0.170446
0.172195
0.173944
0.175693
0.177443
0.179193
0.180943
0.182694
0.184444
0.186196
0.187947
0.189699
0.191451
0.193204
0.194957
0.196710
0.198463
0.200217
0.201972
0.203726
0.205481
0.207237
0.208992
0.210749
0.212505
0.214262
0.216020
0.217777
0.219535
0.221294
0.223053
0.224812
0.226572
0.228332
0.230093
0.231854
0.233616
0.235378
0.237140
0.238903
0.240666
0.242430
0.244195
0.245959
0.247725
0.249490
0.251256
0.253023
0.254790
0.256558
0.258326
0.260095
0.261864
0.263634
0.265404
0.267175
0.268946
0.270718
0.272490
0.274263
0.276036
0.277810
0.279585
0.281360
0.283135
0.284911
0.286688
0.288465
0.290243
0.292022
0.293801
0.295580
0.297361
0.299142
0.300923
0.302705
0.304488
0.306271
0.308055
0.309839
0.311624
0.313410
0.315197
0.316984
0.318771
0.320560
0.322349
0.324138
0.325928
0.327719
0.329511
0.331303
0.333096
0.334890
0.336684
0.338479
0.340275
0.342071
0.343869
0.345666
0.347465
0.349264
0.351064
0.352865
0.354666
0.356468
0.358271
0.360075
0.361879
0.363684
0.365490
0.367297
0.369104
0.370912
0.372721
0.374531
0.376341
0.378152
0.379964
0.381777
0.383591
0.385405
0.387220
0.389036
0.390853
0.392671
0.394489
0.396308
0.398128
0.399949
0.401771
0.403593
0.405417
0.407241
0.409066
0.410892
0.412719
0.414546
0.416375
0.418204
0.420034
0.421865
0.423697
0.425530
0.427364
0.429198
0.431034
0.432870
0.434708
0.436546
0.438385
0.440225
0.442066
0.443908
0.445751
0.447595
0.449439
0.451285
0.453131
0.454979
0.456827
0.458677
0.460527
0.462379
0.464231
0.466084
0.467938
0.469794
0.471650
0.473507
0.475365
0.477224
0.479084
0.480946
0.482808
0.484671
0.486535
0.488400
0.490267
0.492134
0.494002
0.495871
0.497742
0.499613
0.501486
0.503359
0.505234
0.507109
0.508986
0.510864
0.512742
0.514622
0.516503
0.518385
0.520268
0.522152
0.524037
0.525924
0.527811
0.529700
0.531589
0.533480
0.535372
0.537265
0.539159
0.541054
0.542951
0.544848
0.546747
0.548647
0.550547
0.552449
0.554353
0.556257
0.558162
0.560069
0.561977
0.563886
0.565796
0.567707
0.569620
0.571533
0.573448
0.575364
0.577282
0.579200
0.581120
0.583041
0.584963
0.586886
0.588810
0.590736
0.592663
0.594591
0.596520
0.598451
0.600383
0.602316
0.604250
0.606185
0.608122
0.610060
0.611999
0.613940
0.615882
0.617825
0.619769
0.621715
0.623661
0.625610
0.627559
0.629510
0.631462
0.633415
0.635369
0.637325
0.639282
0.641241
0.643200
0.645161
0.647124
0.649087
0.651052
0.653018
0.654986
0.656955
0.658925
0.660897
0.662870
0.664844
0.666819
0.668796
0.670774
0.672754
0.674735
0.676717
0.678701
0.680686
0.682672
0.684660
0.686648
0.688639
0.690631
0.692624
0.694618
0.696614
0.698611
0.700610
0.702610
0.704611
0.706614
0.708618
0.710623
0.712630
0.714638
0.716648
0.718659
0.720672
0.722685
0.724701
0.726717
0.728735
0.730755
0.732775
0.734798
0.736821
0.738846
0.740873
0.742901
0.744930
0.746960
0.748993
0.751026
0.753061
0.755097
0.757135
0.759174
0.761215
0.763257
0.765300
0.767345
0.769392
0.771439
0.773488
0.775539
0.777591
0.779645
0.781699
0.783756
0.785813
0.787873
0.789933
0.791995
0.794059
0.796124
0.798190
0.800258
0.802327
0.804397
0.806470
0.808543
0.810618
0.812694
0.814772
0.816851
0.818932
0.821014
0.823098
0.825183
0.827269
0.829357
0.831446
0.833537
0.835629
0.837722
0.839818
0.841914
0.844012
0.846111
0.848212
0.850314
0.852417
0.854522
0.856629
0.858737
0.860846
0.862956
0.865069
0.867182
0.869297
0.871413
0.873531
0.875650
0.877771
0.879893
0.882016
0.884141
0.886267
0.888395
0.890524
0.892654
0.894786
0.896919
0.899054
0.901189
0.903327
0.905466
0.907606
0.909747
0.911890
0.914034
0.916180
0.918327
0.920475
0.922625
0.924776
0.926928
0.929082
0.931237
0.933394
0.935552
0.937711
0.939872
0.942033
0.944197
0.946361
0.948527
0.950694
0.952863
0.955033
0.957204
0.959376
0.961550
0.963725
0.965902
0.968079
0.970258
0.972439
0.974620
0.976803
0.978987
0.981173
0.983359
0.985547
0.987737
0.989927
0.992119
0.994312
0.996506
0.998702
1.000898
1.003096
1.005295
1.007496
1.009697
1.011900
1.014104
1.016309
1.018516
1.020723
1.022932
1.025142
1.027354
1.029566
1.031779
1.033994
1.036210
1.038427
1.040645
1.042864
1.045085
1.047306
1.049529
1.051753
1.053978
1.056204
1.058431
1.060659
1.062889
1.065119
1.067351
1.069583
1.071817
1.074052
1.076287
1.078524
1.080762
1.083001
1.085241
1.087482
1.089724
1.091967
1.094211
1.096456
1.098702
1.100949
1.103197
1.105446
1.107696
1.109946
1.112198
1.114451
1.116705
1.118959
1.121215
1.123471
1.125729
1.127987
1.130246
1.132506
1.134767
1.137029
1.139292
1.141556
1.143820
1.146086
1.148352
1.150619
1.152886
1.155155
1.157424
1.159695
1.161966
1.164238
1.166510
1.168784
1.171058
1.173333
1.175608
1.177885
1.180162
1.182440
1.184719
1.186998
1.189278
1.191559
1.193840
1.196122
1.198405
1.200688
1.202973
1.205257
1.207543
1.209829
1.212116
1.214403
1.216691
1.218979
1.221268
1.223558
1.225848
1.228139
1.230431
1.232723
1.235015
1.237308
1.239602
1.241896
1.244191
1.246486
1.248781
1.251078
1.253374
1.255671
1.257969
1.260267
1.262566
1.264864
1.267164
1.269464
1.271764
1.274064
1.276366
1.278667
1.280969
1.283271
1.285573
1.287876
1.290180
1.292483
1.294787
1.297091
1.299396
1.301701
1.304006
1.306311
1.308617
1.310923
1.313230
1.315536
1.317843
1.320150
1.322458
1.324765
1.327073
1.329381
1.331689
1.333998
1.336306
1.338615
1.340924
1.343233
1.345542
1.347852
1.350161
1.352471
1.354781
1.357091
1.359401
1.361711
1.364021
1.366331
1.368642
1.370952
1.373263
1.375573
1.377884
1.380195
1.382505
1.384816
1.387127
1.389438
1.391748
1.394059
1.396370
1.398680
1.400991
1.403302
1.405612
1.407923
1.410233
1.412544
1.414854
1.417164
1.419474
1.421785
1.424094
1.426404
1.428714
1.431023
1.433333
1.435642
1.437951
1.440260
1.442569
1.444878
1.447186
1.449495
1.451803
1.454111
1.456419
1.458726
1.461033
1.463340
1.465647
1.467954
1.470260
1.472566
1.474872
1.477178
1.479483
1.481788
1.484093
1.486397
1.488702
1.491006
1.493309
1.495612
1.497915
1.500218
1.502520
1.504822
1.507124
1.509425
1.511726
1.514027
1.516327
1.518627
1.520926
1.523225
1.525524
1.527822
1.530120
1.532418
1.534715
1.537012
1.539308
1.541604
1.543899
1.546194
1.548489
1.550783
1.553077
1.555370
1.557663
1.559955
1.562247
1.564538
1.566829
1.569119
1.571409
1.573699
1.575988
1.578276
1.580564
1.582852
1.585139
1.587425
1.589711
1.591996
1.594281
1.596566
1.598850
1.601133
1.603415
1.605698
1.607980
1.610261
1.612541
1.614821
1.617101
1.619380
1.621658
1.623936
1.626213
1.628490
1.630766
1.633041
1.635316
1.637591
1.639864
1.642138
1.644410
1.646682
1.648954
1.651224
1.653495
1.655764
1.658033
1.660302
1.662569
1.664837
1.667103
1.669369
1.671635
1.673899
1.676164
1.678427
1.680690
1.682952
1.685214
1.687475
1.689735
1.691995
1.694254
1.696513
1.698771
1.701028
1.703285
1.705541
1.707796
1.710051
1.712305
1.714558
1.716811
1.719064
1.721315
1.723566
1.725816
1.728066
1.730315
1.732564
1.734811
1.737059
1.739305
1.741551
1.743796
1.746041
1.748285
1.750529
1.752771
1.755013
1.757255
1.759496
1.761736
1.763976
1.766215
1.768453
1.770691
1.772928
1.775164
1.777400
1.779635
1.781870
1.784104
1.786338
1.788570
1.790803
1.793034
1.795265
1.797495
1.799725
1.801954
1.804183
1.806411
1.808638
1.810865
1.813091
1.815317
1.817542
1.819766
1.821990
1.824213
1.826436
1.828658
1.830879
1.833100
1.835320
1.837540
1.839759
1.841978
1.844196
1.846414
1.848631
1.850847
1.853063
1.855278
1.857493
1.859707
1.861921
1.864134
1.866347
1.868559
1.870770
1.872981
1.875192
1.877402
1.879612
1.881821
1.884029
1.886237
1.888445
1.890652
1.892858
1.895064
1.897270
1.899475
1.901680
1.903884
1.906087
1.908290
1.910493
1.912696
1.914897
1.917099
1.919300
1.921500
1.923700
1.925900
1.928099
1.930298
1.932496
1.934694
1.936892
1.939089
1.941286
1.943482
1.945678
1.947874
1.950069
1.952264
1.954458
1.956652
1.958846
1.961039
1.963232
1.965425
1.967617
1.969809
1.972001
1.974192
1.976383
1.978574
1.980764
1.982954
1.985144
1.987334
1.989523
1.991712
1.993900
1.996089
1.998276
2.000464
2.002652
2.004839
2.007026
2.009213
2.011399
2.013586
2.015772
2.017957
2.020143
2.022328
2.024513
2.026699
2.028883
2.031068
2.033252
2.035437
2.037621
2.039804
2.041988
2.044172
2.046355
2.048539
2.050722
2.052905
2.055088
2.057270
2.059453
2.061636
2.063818
