 0.000000 
 0.001702 
 0.003413 
 0.005124 
 0.006835 
 0.008545 
 0.010256 
 0.011967 
 0.013677 
 0.015387 
 0.017097 
 0.018807 
 0.020517 
 0.022227 
 0.023937 
 0.025647 
 0.027357 
 0.029066 
 0.030776 
 0.032486 
 0.034195 
 0.035905 
 0.037615 
 0.039324 
 0.041034 
 0.042743 
 0.044453 
 0.046163 
 0.047872 
 0.049582 
 0.051292 
 0.053002 
 0.054712 
 0.056421 
 0.058131 
 0.059841 
 0.061551 
 0.063262 
 0.064972 
 0.066682 
 0.068392 
 0.070103 
 0.071813 
 0.073524 
 0.075235 
 0.076946 
 0.078656 
 0.080367 
 0.082079 
 0.083790 
 0.085501 
 0.087213 
 0.088924 
 0.090636 
 0.092348 
 0.094060 
 0.095772 
 0.097484 
 0.099196 
 0.100909 
 0.102621 
 0.104334 
 0.106047 
 0.107760 
 0.109473 
 0.111187 
 0.112900 
 0.114614 
 0.116328 
 0.118042 
 0.119756 
 0.121471 
 0.123185 
 0.124900 
 0.126615 
 0.128330 
 0.130045 
 0.131761 
 0.133476 
 0.135192 
 0.136908 
 0.138625 
 0.140341 
 0.142058 
 0.143775 
 0.145492 
 0.147209 
 0.148926 
 0.150644 
 0.152362 
 0.154080 
 0.155799 
 0.157517 
 0.159236 
 0.160955 
 0.162674 
 0.164394 
 0.166114 
 0.167834 
 0.169554 
 0.171275 
 0.172995 
 0.174716 
 0.176438 
 0.178159 
 0.179881 
 0.181603 
 0.183326 
 0.185048 
 0.186771 
 0.188494 
 0.190218 
 0.191942 
 0.193666 
 0.195390 
 0.197115 
 0.198840 
 0.200565 
 0.202291 
 0.204017 
 0.205743 
 0.207470 
 0.209196 
 0.210924 
 0.212651 
 0.214379 
 0.216107 
 0.217836 
 0.219565 
 0.221294 
 0.223024 
 0.224754 
 0.226484 
 0.228215 
 0.229946 
 0.231677 
 0.233409 
 0.235141 
 0.236873 
 0.238606 
 0.240340 
 0.242073 
 0.243808 
 0.245542 
 0.247277 
 0.249012 
 0.250748 
 0.252484 
 0.254221 
 0.255958 
 0.257695 
 0.259433 
 0.261172 
 0.262910 
 0.264650 
 0.266389 
 0.268129 
 0.269870 
 0.271611 
 0.273352 
 0.275094 
 0.276837 
 0.278580 
 0.280323 
 0.282067 
 0.283811 
 0.285556 
 0.287302 
 0.289048 
 0.290794 
 0.292541 
 0.294288 
 0.296036 
 0.297785 
 0.299534 
 0.301283 
 0.303034 
 0.304784 
 0.306535 
 0.308287 
 0.310039 
 0.311792 
 0.313546 
 0.315300 
 0.317054 
 0.318809 
 0.320565 
 0.322322 
 0.324079 
 0.325836 
 0.327594 
 0.329353 
 0.331112 
 0.332872 
 0.334633 
 0.336394 
 0.338156 
 0.339918 
 0.341681 
 0.343445 
 0.345210 
 0.346975 
 0.348740 
 0.350507 
 0.352274 
 0.354041 
 0.355810 
 0.357579 
 0.359349 
 0.361119 
 0.362890 
 0.364662 
 0.366434 
 0.368208 
 0.369981 
 0.371756 
 0.373531 
 0.375308 
 0.377084 
 0.378862 
 0.380640 
 0.382419 
 0.384199 
 0.385979 
 0.387761 
 0.389543 
 0.391326 
 0.393109 
 0.394893 
 0.396679 
 0.398464 
 0.400251 
 0.402039 
 0.403827 
 0.405616 
 0.407406 
 0.409196 
 0.410988 
 0.412780 
 0.414573 
 0.416367 
 0.418162 
 0.419958 
 0.421754 
 0.423551 
 0.425350 
 0.427149 
 0.428949 
 0.430749 
 0.432551 
 0.434353 
 0.436157 
 0.437961 
 0.439766 
 0.441572 
 0.443379 
 0.445187 
 0.446995 
 0.448805 
 0.450615 
 0.452427 
 0.454239 
 0.456052 
 0.457867 
 0.459682 
 0.461498 
 0.463315 
 0.465133 
 0.466951 
 0.468771 
 0.470592 
 0.472414 
 0.474237 
 0.476060 
 0.477885 
 0.479711 
 0.481537 
 0.483365 
 0.485193 
 0.487023 
 0.488854 
 0.490685 
 0.492518 
 0.494352 
 0.496186 
 0.498022 
 0.499859 
 0.501696 
 0.503535 
 0.505375 
 0.507216 
 0.509058 
 0.510901 
 0.512745 
 0.514590 
 0.516436 
 0.518283 
 0.520131 
 0.521981 
 0.523831 
 0.525683 
 0.527535 
 0.529389 
 0.531244 
 0.533099 
 0.534956 
 0.536815 
 0.538674 
 0.540534 
 0.542396 
 0.544258 
 0.546122 
 0.547987 
 0.549853 
 0.551720 
 0.553588 
 0.555457 
 0.557328 
 0.559200 
 0.561073 
 0.562947 
 0.564822 
 0.566698 
 0.568576 
 0.570455 
 0.572335 
 0.574216 
 0.576098 
 0.577981 
 0.579866 
 0.581752 
 0.583639 
 0.585527 
 0.587417 
 0.589308 
 0.591200 
 0.593093 
 0.594987 
 0.596883 
 0.598780 
 0.600678 
 0.602578 
 0.604478 
 0.606380 
 0.608283 
 0.610188 
 0.612093 
 0.614000 
 0.615909 
 0.617818 
 0.619729 
 0.621641 
 0.623554 
 0.625469 
 0.627385 
 0.629302 
 0.631220 
 0.633140 
 0.635061 
 0.636984 
 0.638907 
 0.640832 
 0.642759 
 0.644686 
 0.646615 
 0.648546 
 0.650477 
 0.652410 
 0.654344 
 0.656280 
 0.658217 
 0.660155 
 0.662095 
 0.664036 
 0.665978 
 0.667922 
 0.669867 
 0.671814 
 0.673762 
 0.675711 
 0.677661 
 0.679613 
 0.681567 
 0.683521 
 0.685477 
 0.687435 
 0.689394 
 0.691354 
 0.693316 
 0.695279 
 0.697243 
 0.699209 
 0.701176 
 0.703145 
 0.705115 
 0.707086 
 0.709059 
 0.711033 
 0.713009 
 0.714986 
 0.716965 
 0.718945 
 0.720926 
 0.722909 
 0.724893 
 0.726879 
 0.728866 
 0.730855 
 0.732845 
 0.734836 
 0.736829 
 0.738823 
 0.740819 
 0.742816 
 0.744815 
 0.746815 
 0.748816 
 0.750819 
 0.752824 
 0.754830 
 0.756837 
 0.758846 
 0.760856 
 0.762868 
 0.764881 
 0.766896 
 0.768912 
 0.770930 
 0.772949 
 0.774969 
 0.776991 
 0.779015 
 0.781040 
 0.783066 
 0.785094 
 0.787124 
 0.789154 
 0.791187 
 0.793221 
 0.795256 
 0.797293 
 0.799331 
 0.801371 
 0.803412 
 0.805454 
 0.807499 
 0.809544 
 0.811591 
 0.813640 
 0.815690 
 0.817741 
 0.819794 
 0.821849 
 0.823905 
 0.825962 
 0.828021 
 0.830082 
 0.832144 
 0.834207 
 0.836272 
 0.838338 
 0.840406 
 0.842475 
 0.844546 
 0.846618 
 0.848692 
 0.850767 
 0.852844 
 0.854922 
 0.857001 
 0.859082 
 0.861165 
 0.863249 
 0.865334 
 0.867421 
 0.869509 
 0.871599 
 0.873690 
 0.875783 
 0.877877 
 0.879973 
 0.882070 
 0.884169 
 0.886269 
 0.888370 
 0.890473 
 0.892577 
 0.894683 
 0.896790 
 0.898899 
 0.901009 
 0.903120 
 0.905233 
 0.907348 
 0.909463 
 0.911580 
 0.913699 
 0.915819 
 0.917940 
 0.920063 
 0.922188 
 0.924313 
 0.926440 
 0.928569 
 0.930698 
 0.932830 
 0.934962 
 0.937096 
 0.939232 
 0.941368 
 0.943507 
 0.945646 
 0.947787 
 0.949929 
 0.952073 
 0.954217 
 0.956364 
 0.958511 
 0.960660 
 0.962811 
 0.964962 
 0.967115 
 0.969270 
 0.971425 
 0.973582 
 0.975740 
 0.977900 
 0.980061 
 0.982223 
 0.984386 
 0.986551 
 0.988717 
 0.990884 
 0.993053 
 0.995222 
 0.997394 
 0.999566 
 1.001739 
 1.003914 
 1.006090 
 1.008268 
 1.010446 
 1.012626 
 1.014807 
 1.016989 
 1.019172 
 1.021357 
 1.023543 
 1.025730 
 1.027918 
 1.030107 
 1.032298 
 1.034489 
 1.036682 
 1.038876 
 1.041071 
 1.043267 
 1.045465 
 1.047663 
 1.049863 
 1.052064 
 1.054266 
 1.056468 
 1.058673 
 1.060878 
 1.063084 
 1.065291 
 1.067499 
 1.069709 
 1.071919 
 1.074131 
 1.076343 
 1.078557 
 1.080771 
 1.082987 
 1.085203 
 1.087421 
 1.089639 
 1.091859 
 1.094079 
 1.096301 
 1.098523 
 1.100747 
 1.102971 
 1.105196 
 1.107423 
 1.109650 
 1.111878 
 1.114107 
 1.116336 
 1.118567 
 1.120799 
 1.123031 
 1.125264 
 1.127498 
 1.129733 
 1.131969 
 1.134206 
 1.136443 
 1.138682 
 1.140921 
 1.143161 
 1.145401 
 1.147643 
 1.149885 
 1.152128 
 1.154371 
 1.156616 
 1.158861 
 1.161107 
 1.163354 
 1.165601 
 1.167849 
 1.170097 
 1.172347 
 1.174597 
 1.176847 
 1.179099 
 1.181351 
 1.183603 
 1.185856 
 1.188110 
 1.190365 
 1.192620 
 1.194875 
 1.197132 
 1.199388 
 1.201645 
 1.203903 
 1.206161 
 1.208420 
 1.210680 
 1.212940 
 1.215200 
 1.217461 
 1.219722 
 1.221984 
 1.224246 
 1.226509 
 1.228772 
 1.231036 
 1.233300 
 1.235564 
 1.237829 
 1.240094 
 1.242360 
 1.244626 
 1.246892 
 1.249159 
 1.251426 
 1.253693 
 1.255961 
 1.258229 
 1.260497 
 1.262765 
 1.265034 
 1.267303 
 1.269573 
 1.271842 
 1.274112 
 1.276382 
 1.278653 
 1.280923 
 1.283194 
 1.285465 
 1.287736 
 1.290007 
 1.292278 
 1.294550 
 1.296822 
 1.299093 
 1.301365 
 1.303637 
 1.305910 
 1.308182 
 1.310454 
 1.312727 
 1.314999 
 1.317272 
 1.319544 
 1.321817 
 1.324089 
 1.326362 
 1.328635 
 1.330907 
 1.333180 
 1.335453 
 1.337725 
 1.339998 
 1.342270 
 1.344543 
 1.346815 
 1.349087 
 1.351360 
 1.353632 
 1.355904 
 1.358176 
 1.360447 
 1.362719 
 1.364990 
 1.367262 
 1.369533 
 1.371804 
 1.374075 
 1.376345 
 1.378616 
 1.380886 
 1.383156 
 1.385426 
 1.387695 
 1.389964 
 1.392233 
 1.394502 
 1.396771 
 1.399039 
 1.401307 
 1.403574 
 1.405842 
 1.408109 
 1.410375 
 1.412642 
 1.414908 
 1.417173 
 1.419439 
 1.421704 
 1.423968 
 1.426232 
 1.428496 
 1.430760 
 1.433023 
 1.435285 
 1.437547 
 1.439809 
 1.442070 
 1.444331 
 1.446592 
 1.448852 
 1.451111 
 1.453370 
 1.455629 
 1.457887 
 1.460144 
 1.462401 
 1.464658 
 1.466914 
 1.469169 
 1.471424 
 1.473679 
 1.475932 
 1.478186 
 1.480439 
 1.482691 
 1.484942 
 1.487193 
 1.489444 
 1.491694 
 1.493943 
 1.496192 
 1.498440 
 1.500687 
 1.502934 
 1.505180 
 1.507426 
 1.509670 
 1.511915 
 1.514158 
 1.516401 
 1.518643 
 1.520885 
 1.523126 
 1.525366 
 1.527606 
 1.529844 
 1.532082 
 1.534320 
 1.536556 
 1.538792 
 1.541028 
 1.543262 
 1.545496 
 1.547729 
 1.549962 
 1.552193 
 1.554424 
 1.556654 
 1.558883 
 1.561112 
 1.563340 
 1.565567 
 1.567793 
 1.570018 
 1.572243 
 1.574467 
 1.576690 
 1.578912 
 1.581133 
 1.583354 
 1.585574 
 1.587793 
 1.590011 
 1.592229 
 1.594445 
 1.596661 
 1.598876 
 1.601090 
 1.603303 
 1.605516 
 1.607727 
 1.609938 
 1.612148 
 1.614357 
 1.616565 
 1.618773 
 1.620979 
 1.623185 
 1.625389 
 1.627593 
 1.629796 
 1.631998 
 1.634200 
 1.636400 
 1.638600 
 1.640798 
 1.642996 
 1.645193 
 1.647389 
 1.649584 
 1.651778 
 1.653971 
 1.656164 
 1.658355 
 1.660546 
 1.662736 
 1.664925 
 1.667113 
 1.669300 
 1.671486 
 1.673671 
 1.675856 
 1.678039 
 1.680222 
 1.682403 
 1.684584 
 1.686764 
 1.688943 
 1.691121 
 1.693298 
 1.695474 
 1.697650 
 1.699824 
 1.701998 
 1.704170 
 1.706342 
 1.708513 
 1.710683 
 1.712852 
 1.715020 
 1.717187 
 1.719354 
 1.721519 
 1.723683 
 1.725847 
 1.728010 
 1.730172 
 1.732333 
 1.734493 
 1.736652 
 1.738810 
 1.740967 
 1.743124 
 1.745279 
 1.747434 
 1.749588 
 1.751741 
 1.753893 
 1.756044 
 1.758194 
 1.760343 
 1.762492 
 1.764639 
 1.766786 
 1.768932 
 1.771077 
 1.773221 
 1.775365 
 1.777507 
 1.779648 
 1.781789 
 1.783929 
 1.786068 
 1.788206 
 1.790343 
 1.792480 
 1.794615 
 1.796750 
 1.798884 
 1.801017 
 1.803149 
 1.805280 
 1.807411 
 1.809541 
 1.811669 
 1.813797 
 1.815925 
 1.818051 
 1.820177 
 1.822301 
 1.824425 
 1.826549 
 1.828671 
 1.830792 
 1.832913 
 1.835033 
 1.837152 
 1.839271 
 1.841389 
 1.843506 
 1.845622 
 1.847737 
 1.849851 
 1.851965 
 1.854078 
 1.856191 
 1.858302 
 1.860413 
 1.862523 
 1.864632 
 1.866741 
 1.868849 
 1.870956 
 1.873062 
 1.875168 
 1.877273 
 1.879377 
 1.881481 
 1.883584 
 1.885686 
 1.887788 
 1.889888 
 1.891989 
 1.894088 
 1.896187 
 1.898285 
 1.900382 
 1.902479 
 1.904575 
 1.906671 
 1.908766 
 1.910860 
 1.912953 
 1.915046 
 1.917139 
 1.919230 
 1.921321 
 1.923412 
 1.925502 
 1.927591 
 1.929680 
 1.931768 
 1.933855 
 1.935942 
 1.938029 
 1.940114 
 1.942200 
 1.944284 
 1.946369 
 1.948452 
 1.950535 
 1.952618 
 1.954700 
 1.956781 
 1.958862 
 1.960943 
 1.963023 
 1.965102 
 1.967181 
 1.969260 
 1.971338 
 1.973415 
 1.975492 
 1.977569 
 1.979645 
 1.981720 
 1.983796 
 1.985871 
 1.987945 
 1.990019 
 1.992092 
 1.994166 
 1.996238 
 1.998311 
 2.000382 
 2.002454 
 2.004525 
 2.006596 
 2.008667 
 2.010736 
 2.012806 
 2.014876 
 2.016945 
 2.019013
