0.000000 
0.001667 
0.003350 
0.005032 
0.006714 
0.008396 
0.010077 
0.011759 
0.013440 
0.015121 
0.016802 
0.018482 
0.020163 
0.021843 
0.023524 
0.025204 
0.026884 
0.028564 
0.030244 
0.031924 
0.033604 
0.035284 
0.036964 
0.038644 
0.040323 
0.042003 
0.043683 
0.045363 
0.047042 
0.048722 
0.050402 
0.052082 
0.053762 
0.055442 
0.057122 
0.058802 
0.060482 
0.062162 
0.063842 
0.065523 
0.067203 
0.068884 
0.070564 
0.072245 
0.073926 
0.075606 
0.077287 
0.078968 
0.080650 
0.082331 
0.084012 
0.085694 
0.087376 
0.089057 
0.090739 
0.092421 
0.094104 
0.095786 
0.097468 
0.099151 
0.100834 
0.102517 
0.104200 
0.105883 
0.107567 
0.109250 
0.110934 
0.112618 
0.114302 
0.115986 
0.117671 
0.119355 
0.121040 
0.122725 
0.124410 
0.126096 
0.127781 
0.129467 
0.131153 
0.132839 
0.134525 
0.136212 
0.137899 
0.139585 
0.141273 
0.142960 
0.144648 
0.146335 
0.148024 
0.149712 
0.151400 
0.153089 
0.154778 
0.156467 
0.158157 
0.159846 
0.161536 
0.163226 
0.164917 
0.166607 
0.168298 
0.169990 
0.171681 
0.173373 
0.175065 
0.176757 
0.178450 
0.180142 
0.181835 
0.183529 
0.185223 
0.186916 
0.188611 
0.190305 
0.192000 
0.193695 
0.195391 
0.197086 
0.198783 
0.200479 
0.202176 
0.203873 
0.205570 
0.207268 
0.208966 
0.210664 
0.212363 
0.214062 
0.215761 
0.217461 
0.219161 
0.220862 
0.222563 
0.224264 
0.225966 
0.227668 
0.229370 
0.231073 
0.232776 
0.234479 
0.236183 
0.237888 
0.239592 
0.241298 
0.243003 
0.244709 
0.246416 
0.248122 
0.249830 
0.251537 
0.253245 
0.254954 
0.256663 
0.258373 
0.260083 
0.261793 
0.263504 
0.265215 
0.266927 
0.268639 
0.270352 
0.272065 
0.273779 
0.275493 
0.277208 
0.278924 
0.280639 
0.282356 
0.284072 
0.285790 
0.287508 
0.289226 
0.290945 
0.292665 
0.294385 
0.296105 
0.297827 
0.299548 
0.301271 
0.302994 
0.304717 
0.306441 
0.308166 
0.309891 
0.311617 
0.313343 
0.315070 
0.316798 
0.318526 
0.320255 
0.321985 
0.323715 
0.325445 
0.327177 
0.328909 
0.330642 
0.332375 
0.334109 
0.335844 
0.337579 
0.339315 
0.341052 
0.342789 
0.344528 
0.346266 
0.348006 
0.349746 
0.351487 
0.353229 
0.354971 
0.356714 
0.358458 
0.360202 
0.361948 
0.363694 
0.365440 
0.367188 
0.368936 
0.370685 
0.372435 
0.374186 
0.375937 
0.377689 
0.379442 
0.381196 
0.382950 
0.384706 
0.386462 
0.388219 
0.389977 
0.391735 
0.393495 
0.395255 
0.397016 
0.398778 
0.400541 
0.402304 
0.404069 
0.405834 
0.407600 
0.409368 
0.411135 
0.412904 
0.414674 
0.416445 
0.418216 
0.419989 
0.421762 
0.423536 
0.425311 
0.427087 
0.428864 
0.430642 
0.432421 
0.434201 
0.435982 
0.437763 
0.439546 
0.441330 
0.443114 
0.444900 
0.446686 
0.448474 
0.450262 
0.452051 
0.453842 
0.455633 
0.457426 
0.459219 
0.461014 
0.462809 
0.464606 
0.466403 
0.468202 
0.470001 
0.471802 
0.473603 
0.475406 
0.477210 
0.479015 
0.480821 
0.482627 
0.484435 
0.486245 
0.488055 
0.489866 
0.491678 
0.493492 
0.495306 
0.497122 
0.498939 
0.500757 
0.502576 
0.504396 
0.506217 
0.508039 
0.509863 
0.511687 
0.513513 
0.515340 
0.517168 
0.518997 
0.520828 
0.522659 
0.524492 
0.526326 
0.528161 
0.529997 
0.531835 
0.533673 
0.535513 
0.537354 
0.539197 
0.541040 
0.542885 
0.544731 
0.546578 
0.548426 
0.550276 
0.552127 
0.553979 
0.555832 
0.557687 
0.559543 
0.561400 
0.563258 
0.565118 
0.566979 
0.568841 
0.570705 
0.572570 
0.574436 
0.576303 
0.578172 
0.580042 
0.581913 
0.583786 
0.585660 
0.587535 
0.589411 
0.591289 
0.593168 
0.595049 
0.596931 
0.598814 
0.600699 
0.602585 
0.604472 
0.606361 
0.608251 
0.610142 
0.612035 
0.613929 
0.615825 
0.617722 
0.619620 
0.621520 
0.623421 
0.625324 
0.627228 
0.629133 
0.631040 
0.632948 
0.634857 
0.636769 
0.638681 
0.640595 
0.642510 
0.644427 
0.646345 
0.648265 
0.650186 
0.652109 
0.654033 
0.655958 
0.657885 
0.659813 
0.661743 
0.663675 
0.665608 
0.667542 
0.669478 
0.671415 
0.673354 
0.675294 
0.677236 
0.679179 
0.681124 
0.683070 
0.685018 
0.686967 
0.688918 
0.690871 
0.692825 
0.694780 
0.696737 
0.698695 
0.700655 
0.702617 
0.704580 
0.706545 
0.708511 
0.710479 
0.712448 
0.714419 
0.716391 
0.718365 
0.720340 
0.722317 
0.724296 
0.726276 
0.728258 
0.730241 
0.732226 
0.734213 
0.736201 
0.738191 
0.740182 
0.742175 
0.744169 
0.746165 
0.748162 
0.750162 
0.752162 
0.754165 
0.756169 
0.758174 
0.760181 
0.762190 
0.764201 
0.766212 
0.768226 
0.770241 
0.772258 
0.774276 
0.776296 
0.778318 
0.780341 
0.782366 
0.784392 
0.786420 
0.788450 
0.790481 
0.792514 
0.794549 
0.796585 
0.798623 
0.800662 
0.802703 
0.804746 
0.806790 
0.808836 
0.810883 
0.812932 
0.814983 
0.817035 
0.819089 
0.821145 
0.823202 
0.825261 
0.827321 
0.829383 
0.831447 
0.833512 
0.835579 
0.837648 
0.839718 
0.841789 
0.843863 
0.845938 
0.848014 
0.850092 
0.852172 
0.854254 
0.856337 
0.858421 
0.860507 
0.862595 
0.864685 
0.866776 
0.868868 
0.870962 
0.873058 
0.875156 
0.877254 
0.879355 
0.881457 
0.883561 
0.885666 
0.887773 
0.889881 
0.891991 
0.894103 
0.896216 
0.898331 
0.900447 
0.902565 
0.904684 
0.906805 
0.908928 
0.911052 
0.913177 
0.915304 
0.917433 
0.919563 
0.921695 
0.923828 
0.925963 
0.928099 
0.930237 
0.932376 
0.934517 
0.936659 
0.938803 
0.940948 
0.943094 
0.945243 
0.947392 
0.949544 
0.951696 
0.953850 
0.956006 
0.958163 
0.960321 
0.962481 
0.964642 
0.966805 
0.968969 
0.971135 
0.973302 
0.975470 
0.977640 
0.979811 
0.981984 
0.984158 
0.986333 
0.988510 
0.990688 
0.992868 
0.995048 
0.997231 
0.999414 
1.001599 
1.003785 
1.005973 
1.008161 
1.010352 
1.012543 
1.014736 
1.016930 
1.019125 
1.021322 
1.023520 
1.025719 
1.027919 
1.030120 
1.032323 
1.034527 
1.036733 
1.038939 
1.041147 
1.043356 
1.045566 
1.047777 
1.049990 
1.052203 
1.054418 
1.056634 
1.058851 
1.061069 
1.063288 
1.065509 
1.067730 
1.069953 
1.072177 
1.074401 
1.076627 
1.078854 
1.081082 
1.083311 
1.085541 
1.087772 
1.090004 
1.092237 
1.094471 
1.096707 
1.098943 
1.101179 
1.103418 
1.105656 
1.107896 
1.110137 
1.112379 
1.114622 
1.116865 
1.119109 
1.121355 
1.123601 
1.125848 
1.128096 
1.130344 
1.132594 
1.134844 
1.137095 
1.139347 
1.141600 
1.143854 
1.146108 
1.148363 
1.150619 
1.152875 
1.155132 
1.157390 
1.159649 
1.161908 
1.164168 
1.166429 
1.168690 
1.170952 
1.173215 
1.175478 
1.177742 
1.180007 
1.182272 
1.184537 
1.186803 
1.189070 
1.191338 
1.193605 
1.195874 
1.198143 
1.200412 
1.202682 
1.204952 
1.207223 
1.209494 
1.211766 
1.214038 
1.216311 
1.218583 
1.220857 
1.223131 
1.225405 
1.227679 
1.229954 
1.232229 
1.234505 
1.236780 
1.239057 
1.241333 
1.243610 
1.245887 
1.248164 
1.250441 
1.252719 
1.254997 
1.257275 
1.259553 
1.261832 
1.264111 
1.266389 
1.268668 
1.270947 
1.273227 
1.275506 
1.277786 
1.280065 
1.282345 
1.284625 
1.286904 
1.289184 
1.291464 
1.293744 
1.296024 
1.298304 
1.300584 
1.302864 
1.305143 
1.307423 
1.309703 
1.311983 
1.314262 
1.316542 
1.318821 
1.321101 
1.323380 
1.325659 
1.327938 
1.330216 
1.332495 
1.334773 
1.337052 
1.339329 
1.341607 
1.343885 
1.346162 
1.348439 
1.350716 
1.352993 
1.355269 
1.357545 
1.359820 
1.362096 
1.364371 
1.366646 
1.368920 
1.371194 
1.373467 
1.375741 
1.378014 
1.380286 
1.382558 
1.384830 
1.387101 
1.389372 
1.391642 
1.393912 
1.396182 
1.398451 
1.400719 
1.402987 
1.405255 
1.407521 
1.409788 
1.412054 
1.414319 
1.416584 
1.418848 
1.421112 
1.423375 
1.425637 
1.427899 
1.430161 
1.432421 
1.434681 
1.436941 
1.439199 
1.441458 
1.443715 
1.445972 
1.448228 
1.450483 
1.452738 
1.454992 
1.457245 
1.459498 
1.461750 
1.464001 
1.466251 
1.468500 
1.470749 
1.472997 
1.475245 
1.477491 
1.479737 
1.481982 
1.484226 
1.486469 
1.488712 
1.490953 
1.493194 
1.495434 
1.497673 
1.499911 
1.502149 
1.504385 
1.506621 
1.508856 
1.511089 
1.513322 
1.515555 
1.517786 
1.520016 
1.522245 
1.524474 
1.526701 
1.528928 
1.531153 
1.533378 
1.535602 
1.537824 
1.540046 
1.542267 
1.544487 
1.546705 
1.548923 
1.551140 
1.553356 
1.555571 
1.557785 
1.559998 
1.562209 
1.564420 
1.566630 
1.568839 
1.571046 
1.573253 
1.575459 
1.577663 
1.579867 
1.582069 
1.584271 
1.586471 
1.588670 
1.590869 
1.593066 
1.595262 
1.597457 
1.599651 
1.601844 
1.604036 
1.606226 
1.608416 
1.610605 
1.612792 
1.614978 
1.617164 
1.619348 
1.621531 
1.623713 
1.625894 
1.628073 
1.630252 
1.632429 
1.634606 
1.636781 
1.638955 
1.641128 
1.643300 
1.645471 
1.647640 
1.649809 
1.651976 
1.654142 
1.656308 
1.658472 
1.660635 
1.662796 
1.664957 
1.667116 
1.669275 
1.671432 
1.673588 
1.675743 
1.677897 
1.680049 
1.682201 
1.684351 
1.686501 
1.688649 
1.690796 
1.692942 
1.695086 
1.697230 
1.699372 
1.701514 
1.703654 
1.705793 
1.707931 
1.710068 
1.712204 
1.714338 
1.716472 
1.718604 
1.720735 
1.722865 
1.724994 
1.727122 
1.729249 
1.731374 
1.733499 
1.735622 
1.737745 
1.739866 
1.741986 
1.744105 
1.746223 
1.748339 
1.750455 
1.752570 
1.754683 
1.756796 
1.758907 
1.761017 
1.763126 
1.765234 
1.767341 
1.769447 
1.771552 
1.773656 
1.775759 
1.777860 
1.779961 
1.782060 
1.784159 
1.786256 
1.788352 
1.790448 
1.792542 
1.794635 
1.796728 
1.798819 
1.800909 
1.802998 
1.805086 
1.807173 
1.809259 
1.811344 
1.813428 
1.815511 
1.817593 
1.819674 
1.821754 
1.823833 
1.825912 
1.827989 
1.830065 
1.832140 
1.834214 
1.836287 
1.838360 
1.840431 
1.842501 
1.844571 
1.846639 
1.848707 
1.850773 
1.852839 
1.854904 
1.856968 
1.859030 
1.861092 
1.863154 
1.865214 
1.867273 
1.869332 
1.871389 
1.873446 
1.875502 
1.877556 
1.879610 
1.881664 
1.883716 
1.885767 
1.887818 
1.889868 
1.891917 
1.893965 
1.896012 
1.898059 
1.900105 
1.902149 
1.904193 
1.906237 
1.908279 
1.910321 
1.912362 
1.914402 
1.916441 
1.918480 
1.920518 
1.922555 
1.924591 
1.926627 
1.928662 
1.930696 
1.932729 
1.934762 
1.936794 
1.938825 
1.940856 
1.942886 
1.944915 
1.946944 
1.948972 
1.950999 
1.953026 
1.955052 
1.957077 
1.959101 
1.961125 
1.963149 
1.965171 
1.967194 
1.969215 
1.971236 
1.973256 
1.975276 
1.977295 
1.979314 
1.981332 
1.983349 
1.985366 
1.987383 
1.989399 
1.991414 
1.993429 
1.995443 
1.997457 
1.999470 
2.001483

