0.000000
0.001735
0.003437
0.005141
0.006845
0.008551
0.010257
0.011964
0.013672
0.015381
0.017090
0.018800
0.020511
0.022222
0.023933
0.025645
0.027357
0.029070
0.030782
0.032495
0.034208
0.035921
0.037634
0.039347
0.041060
0.042773
0.044486
0.046200
0.047913
0.049626
0.051338
0.053051
0.054764
0.056476
0.058189
0.059901
0.061613
0.063325
0.065037
0.066749
0.068460
0.070171
0.071882
0.073593
0.075304
0.077014
0.078725
0.080435
0.082145
0.083855
0.085565
0.087274
0.088983
0.090692
0.092401
0.094110
0.095819
0.097528
0.099236
0.100944
0.102652
0.104360
0.106068
0.107776
0.109484
0.111191
0.112899
0.114606
0.116313
0.118021
0.119728
0.121435
0.123142
0.124849
0.126556
0.128263
0.129969
0.131676
0.133383
0.135090
0.136796
0.138503
0.140210
0.141916
0.143623
0.145330
0.147036
0.148743
0.150450
0.152156
0.153863
0.155570
0.157277
0.158984
0.160691
0.162397
0.164104
0.165812
0.167519
0.169226
0.170933
0.172640
0.174348
0.176055
0.177763
0.179470
0.181178
0.182886
0.184594
0.186302
0.188010
0.189718
0.191426
0.193135
0.194843
0.196552
0.198260
0.199969
0.201678
0.203387
0.205096
0.206806
0.208515
0.210225
0.211934
0.213644
0.215354
0.217064
0.218775
0.220485
0.222196
0.223906
0.225617
0.227328
0.229039
0.230751
0.232462
0.234174
0.235886
0.237598
0.239310
0.241023
0.242735
0.244448
0.246161
0.247874
0.249588
0.251301
0.253015
0.254729
0.256443
0.258158
0.259872
0.261587
0.263302
0.265018
0.266733
0.268449
0.270165
0.271882
0.273598
0.275315
0.277032
0.278750
0.280467
0.282185
0.283904
0.285622
0.287341
0.289060
0.290780
0.292499
0.294219
0.295940
0.297661
0.299382
0.301103
0.302825
0.304547
0.306269
0.307992
0.309715
0.311439
0.313163
0.314887
0.316612
0.318337
0.320063
0.321789
0.323515
0.325242
0.326969
0.328697
0.330425
0.332153
0.333882
0.335612
0.337342
0.339072
0.340803
0.342535
0.344267
0.345999
0.347732
0.349466
0.351200
0.352934
0.354669
0.356405
0.358141
0.359878
0.361615
0.363353
0.365092
0.366831
0.368571
0.370311
0.372052
0.373794
0.375536
0.377279
0.379023
0.380767
0.382512
0.384258
0.386004
0.387751
0.389499
0.391247
0.392996
0.394746
0.396497
0.398248
0.400000
0.401753
0.403506
0.405261
0.407016
0.408772
0.410529
0.412286
0.414045
0.415804
0.417564
0.419325
0.421087
0.422849
0.424613
0.426377
0.428142
0.429908
0.431675
0.433443
0.435212
0.436982
0.438753
0.440524
0.442297
0.444070
0.445845
0.447620
0.449396
0.451174
0.452952
0.454732
0.456512
0.458293
0.460076
0.461859
0.463644
0.465429
0.467216
0.469004
0.470792
0.472582
0.474373
0.476165
0.477958
0.479752
0.481548
0.483344
0.485142
0.486940
0.488740
0.490541
0.492344
0.494147
0.495951
0.497757
0.499564
0.501372
0.503181
0.504992
0.506804
0.508617
0.510431
0.512246
0.514063
0.515881
0.517700
0.519521
0.521343
0.523166
0.524990
0.526816
0.528643
0.530471
0.532301
0.534132
0.535964
0.537798
0.539633
0.541470
0.543307
0.545147
0.546987
0.548829
0.550672
0.552517
0.554363
0.556211
0.558060
0.559911
0.561762
0.563616
0.565471
0.567327
0.569185
0.571044
0.572905
0.574767
0.576631
0.578496
0.580363
0.582231
0.584101
0.585972
0.587845
0.589720
0.591596
0.593473
0.595352
0.597233
0.599116
0.600999
0.602885
0.604772
0.606661
0.608551
0.610443
0.612337
0.614232
0.616130
0.618028
0.619928
0.621831
0.623734
0.625640
0.627547
0.629455
0.631366
0.633278
0.635192
0.637108
0.639025
0.640944
0.642865
0.644788
0.646712
0.648639
0.650567
0.652497
0.654428
0.656362
0.658297
0.660234
0.662173
0.664114
0.666056
0.668000
0.669947
0.671895
0.673845
0.675797
0.677750
0.679706
0.681664
0.683623
0.685584
0.687547
0.689513
0.691480
0.693449
0.695420
0.697393
0.699367
0.701344
0.703323
0.705304
0.707286
0.709271
0.711258
0.713246
0.715237
0.717230
0.719224
0.721221
0.723220
0.725221
0.727223
0.729228
0.731235
0.733244
0.735255
0.737268
0.739283
0.741300
0.743319
0.745341
0.747364
0.749390
0.751417
0.753447
0.755479
0.757513
0.759549
0.761587
0.763627
0.765669
0.767714
0.769760
0.771809
0.773860
0.775913
0.777968
0.780026
0.782085
0.784147
0.786210
0.788276
0.790344
0.792415
0.794487
0.796562
0.798639
0.800717
0.802799
0.804882
0.806967
0.809055
0.811145
0.813237
0.815331
0.817427
0.819526
0.821626
0.823729
0.825835
0.827942
0.830051
0.832163
0.834277
0.836393
0.838511
0.840631
0.842754
0.844878
0.847005
0.849134
0.851266
0.853399
0.855535
0.857672
0.859812
0.861955
0.864099
0.866245
0.868394
0.870544
0.872697
0.874852
0.877009
0.879169
0.881330
0.883494
0.885659
0.887827
0.889997
0.892169
0.894343
0.896519
0.898697
0.900878
0.903060
0.905244
0.907431
0.909620
0.911810
0.914003
0.916198
0.918394
0.920593
0.922794
0.924997
0.927202
0.929408
0.931617
0.933828
0.936040
0.938255
0.940472
0.942690
0.944911
0.947133
0.949357
0.951583
0.953811
0.956041
0.958273
0.960506
0.962741
0.964979
0.967218
0.969459
0.971701
0.973945
0.976191
0.978439
0.980689
0.982940
0.985193
0.987448
0.989704
0.991962
0.994222
0.996483
0.998746
1.001010
1.003276
1.005544
1.007813
1.010084
1.012356
1.014630
1.016905
1.019181
1.021460
1.023739
1.026020
1.028303
1.030586
1.032871
1.035158
1.037446
1.039735
1.042025
1.044317
1.046610
1.048904
1.051199
1.053496
1.055794
1.058092
1.060392
1.062694
1.064996
1.067299
1.069604
1.071909
1.074215
1.076523
1.078831
1.081140
1.083451
1.085762
1.088074
1.090387
1.092700
1.095015
1.097330
1.099646
1.101963
1.104281
1.106599
1.108918
1.111238
1.113558
1.115879
1.118200
1.120522
1.122845
1.125168
1.127492
1.129816
1.132140
1.134465
1.136791
1.139116
1.141443
1.143769
1.146096
1.148423
1.150750
1.153077
1.155405
1.157733
1.160061
1.162389
1.164717
1.167046
1.169374
1.171702
1.174031
1.176359
1.178688
1.181016
1.183344
1.185672
1.188000
1.190328
1.192656
1.194983
1.197310
1.199637
1.201964
1.204290
1.206616
1.208941
1.211267
1.213591
1.215916
1.218239
1.220563
1.222886
1.225208
1.227530
1.229851
1.232171
1.234491
1.236810
1.239129
1.241447
1.243764
1.246080
1.248396
1.250710
1.253024
1.255337
1.257649
1.259961
1.262271
1.264580
1.266889
1.269196
1.271502
1.273808
1.276112
1.278415
1.280717
1.283018
1.285318
1.287616
1.289913
1.292210
1.294504
1.296798
1.299090
1.301381
1.303671
1.305959
1.308246
1.310531
1.312815
1.315098
1.317379
1.319658
1.321936
1.324213
1.326488
1.328761
1.331033
1.333303
1.335572
1.337839
1.340104
1.342368
1.344629
1.346889
1.349148
1.351404
1.353659
1.355912
1.358163
1.360413
1.362660
1.364906
1.367149
1.369391
1.371631
1.373869
1.376105
1.378339
1.380571
1.382801
1.385029
1.387254
1.389478
1.391700
1.393920
1.396137
1.398353
1.400566
1.402777
1.404986
1.407193
1.409397
1.411600
1.413800
1.415998
1.418194
1.420387
1.422579
1.424767
1.426954
1.429139
1.431321
1.433500
1.435678
1.437853
1.440025
1.442196
1.444363
1.446529
1.448692
1.450853
1.453011
1.455167
1.457321
1.459472
1.461620
1.463766
1.465910
1.468051
1.470189
1.472326
1.474459
1.476590
1.478719
1.480845
1.482969
1.485090
1.487208
1.489324
1.491437
1.493548
1.495656
1.497762
1.499865
1.501966
1.504064
1.506159
1.508252
1.510342
1.512430
1.514515
1.516597
1.518677
1.520754
1.522828
1.524900
1.526969
1.529036
1.531100
1.533162
1.535220
1.537276
1.539330
1.541381
1.543429
1.545474
1.547517
1.549558
1.551595
1.553630
1.555663
1.557693
1.559720
1.561744
1.563766
1.565785
1.567802
1.569816
1.571827
1.573836
1.575842
1.577845
1.579846
1.581844
1.583840
1.585833
1.587823
1.589811
1.591796
1.593778
1.595758
1.597735
1.599710
1.601682
1.603652
1.605618
1.607583
1.609545
1.611504
1.613460
1.615414
1.617366
1.619315
1.621261
1.623205
1.625146
1.627085
1.629021
1.630954
1.632885
1.634814
1.636740
1.638664
1.640584
1.642503
1.644419
1.646333
1.648244
1.650152
1.652058
1.653962
1.655863
1.657762
1.659658
1.661552
1.663443
1.665332
1.667219
1.669103
1.670985
1.672864
1.674741
1.676616
1.678488
1.680358
1.682225
1.684090
1.685953
1.687813
1.689671
1.691527
1.693380
1.695231
1.697080
1.698927
1.700771
1.702613
1.704452
1.706290
1.708125
1.709957
1.711788
1.713616
1.715442
1.717266
1.719088
1.720907
1.722725
1.724540
1.726353
1.728163
1.729972
1.731778
1.733582
1.735384
1.737184
1.738982
1.740778
1.742571
1.744363
1.746152
1.747940
1.749725
1.751508
1.753289
1.755068
1.756845
1.758620
1.760393
1.762164
1.763933
1.765700
1.767465
1.769228
1.770989
1.772748
1.774505
1.776260
1.778013
1.779764
1.781513
1.783261
1.785006
1.786750
1.788491
1.790231
1.791969
1.793705
1.795439
1.797171
1.798902
1.800631
1.802358
1.804083
1.805806
1.807527
1.809247
1.810965
1.812681
1.814395
1.816108
1.817819
1.819528
1.821235
1.822941
1.824645
1.826347
1.828048
1.829746
1.831444
1.833139
1.834833
1.836525
1.838216
1.839905
1.841592
1.843278
1.844962
1.846645
1.848326
1.850005
1.851683
1.853359
1.855034
1.856707
1.858379
1.860049
1.861718
1.863385
1.865050
1.866714
1.868377
1.870039
1.871698
1.873357
1.875013
1.876669
1.878323
1.879976
1.881627
1.883277
1.884925
1.886572
1.888218
1.889862
1.891505
1.893147
1.894787
1.896426
1.898064
1.899701
1.901336
1.902970
1.904602
1.906234
1.907864
1.909493
1.911120
1.912747
1.914372
1.915996
1.917619
1.919240
1.920861
1.922480
1.924098
1.925715
1.927331
1.928946
1.930560
1.932172
1.933784
1.935394
1.937003
1.938612
1.940219
