0.000000
0.001717
0.003427
0.005137
0.006846
0.008556
0.010266
0.011976
0.013686
0.015396
0.017106
0.018816
0.020527
0.022237
0.023947
0.025658
0.027369
0.029079
0.030790
0.032501
0.034212
0.035923
0.037634
0.039345
0.041056
0.042767
0.044479
0.046190
0.047901
0.049613
0.051325
0.053037
0.054748
0.056460
0.058172
0.059885
0.061597
0.063309
0.065021
0.066734
0.068447
0.070159
0.071872
0.073585
0.075298
0.077011
0.078725
0.080438
0.082151
0.083865
0.085579
0.087293
0.089007
0.090721
0.092435
0.094150
0.095864
0.097579
0.099294
0.101009
0.102724
0.104439
0.106154
0.107870
0.109586
0.111301
0.113018
0.114734
0.116450
0.118167
0.119883
0.121600
0.123317
0.125035
0.126752
0.128470
0.130188
0.131906
0.133624
0.135342
0.137061
0.138780
0.140499
0.142218
0.143938
0.145658
0.147378
0.149098
0.150818
0.152539
0.154260
0.155981
0.157702
0.159424
0.161146
0.162868
0.164591
0.166313
0.168036
0.169760
0.171483
0.173207
0.174931
0.176655
0.178380
0.180105
0.181830
0.183556
0.185282
0.187008
0.188734
0.190461
0.192188
0.193916
0.195643
0.197372
0.199100
0.200829
0.202558
0.204287
0.206017
0.207747
0.209478
0.211209
0.212940
0.214672
0.216404
0.218136
0.219869
0.221602
0.223336
0.225070
0.226804
0.228539
0.230274
0.232009
0.233745
0.235482
0.237219
0.238956
0.240693
0.242432
0.244170
0.245909
0.247649
0.249388
0.251129
0.252870
0.254611
0.256353
0.258095
0.259837
0.261581
0.263324
0.265068
0.266813
0.268558
0.270304
0.272050
0.273796
0.275544
0.277291
0.279039
0.280788
0.282537
0.284287
0.286037
0.287788
0.289539
0.291291
0.293044
0.294797
0.296550
0.298305
0.300059
0.301815
0.303571
0.305327
0.307084
0.308842
0.310600
0.312359
0.314118
0.315878
0.317639
0.319400
0.321162
0.322924
0.324687
0.326451
0.328216
0.329981
0.331746
0.333513
0.335280
0.337047
0.338815
0.340584
0.342354
0.344124
0.345895
0.347667
0.349439
0.351212
0.352986
0.354760
0.356535
0.358311
0.360088
0.361865
0.363643
0.365422
0.367201
0.368981
0.370762
0.372544
0.374326
0.376109
0.377893
0.379678
0.381463
0.383249
0.385036
0.386824
0.388612
0.390401
0.392191
0.393982
0.395774
0.397566
0.399359
0.401153
0.402948
0.404744
0.406540
0.408337
0.410135
0.411934
0.413734
0.415535
0.417336
0.419138
0.420942
0.422746
0.424550
0.426356
0.428163
0.429970
0.431778
0.433588
0.435398
0.437209
0.439021
0.440833
0.442647
0.444462
0.446277
0.448094
0.449911
0.451729
0.453548
0.455368
0.457189
0.459011
0.460834
0.462658
0.464483
0.466309
0.468135
0.469963
0.471792
0.473621
0.475452
0.477284
0.479116
0.480950
0.482784
0.484620
0.486456
0.488294
0.490133
0.491972
0.493813
0.495654
0.497497
0.499341
0.501185
0.503031
0.504878
0.506725
0.508574
0.510424
0.512275
0.514127
0.515980
0.517835
0.519690
0.521546
0.523403
0.525262
0.527122
0.528982
0.530844
0.532707
0.534571
0.536436
0.538302
0.540169
0.542038
0.543907
0.545778
0.547650
0.549523
0.551397
0.553272
0.555148
0.557026
0.558905
0.560784
0.562665
0.564547
0.566431
0.568315
0.570201
0.572088
0.573976
0.575865
0.577756
0.579647
0.581540
0.583434
0.585329
0.587226
0.589123
0.591022
0.592922
0.594824
0.596726
0.598630
0.600535
0.602441
0.604349
0.606257
0.608167
0.610079
0.611991
0.613905
0.615820
0.617736
0.619654
0.621573
0.623493
0.625414
0.627337
0.629261
0.631186
0.633113
0.635040
0.636970
0.638900
0.640832
0.642765
0.644699
0.646635
0.648572
0.650510
0.652450
0.654391
0.656333
0.658277
0.660222
0.662168
0.664116
0.666065
0.668015
0.669967
0.671920
0.673874
0.675830
0.677787
0.679745
0.681705
0.683667
0.685629
0.687593
0.689558
0.691525
0.693493
0.695463
0.697434
0.699406
0.701380
0.703355
0.705331
0.707309
0.709288
0.711269
0.713251
0.715234
0.717219
0.719205
0.721193
0.723182
0.725173
0.727165
0.729158
0.731153
0.733149
0.735147
0.737146
0.739146
0.741148
0.743152
0.745156
0.747163
0.749170
0.751180
0.753190
0.755202
0.757216
0.759230
0.761247
0.763265
0.765284
0.767305
0.769327
0.771350
0.773375
0.775402
0.777430
0.779459
0.781490
0.783522
0.785556
0.787592
0.789628
0.791667
0.793706
0.795747
0.797790
0.799834
0.801879
0.803926
0.805975
0.808025
0.810076
0.812129
0.814183
0.816239
0.818296
0.820355
0.822415
0.824477
0.826540
0.828605
0.830671
0.832738
0.834807
0.836878
0.838950
0.841023
0.843098
0.845174
0.847252
0.849331
0.851412
0.853494
0.855578
0.857663
0.859749
0.861838
0.863927
0.866018
0.868110
0.870204
0.872300
0.874396
0.876495
0.878594
0.880695
0.882798
0.884902
0.887008
0.889114
0.891223
0.893333
0.895444
0.897557
0.899671
0.901786
0.903903
0.906022
0.908142
0.910263
0.912386
0.914510
0.916635
0.918762
0.920891
0.923020
0.925152
0.927284
0.929418
0.931554
0.933690
0.935829
0.937968
0.940109
0.942252
0.944396
0.946541
0.948687
0.950835
0.952985
0.955135
0.957287
0.959441
0.961595
0.963752
0.965909
0.968068
0.970228
0.972390
0.974553
0.976717
0.978882
0.981049
0.983217
0.985387
0.987558
0.989730
0.991903
0.994078
0.996254
0.998432
1.000610
1.002790
1.004972
1.007154
1.009338
1.011523
1.013709
1.015897
1.018086
1.020276
1.022467
1.024660
1.026854
1.029049
1.031245
1.033443
1.035641
1.037841
1.040043
1.042245
1.044448
1.046653
1.048859
1.051066
1.053274
1.055484
1.057695
1.059906
1.062119
1.064333
1.066549
1.068765
1.070982
1.073201
1.075421
1.077642
1.079863
1.082086
1.084311
1.086536
1.088762
1.090990
1.093218
1.095447
1.097678
1.099910
1.102142
1.104376
1.106611
1.108846
1.111083
1.113321
1.115560
1.117799
1.120040
1.122282
1.124525
1.126768
1.129013
1.131258
1.133505
1.135752
1.138001
1.140250
1.142500
1.144751
1.147004
1.149256
1.151510
1.153765
1.156020
1.158277
1.160534
1.162792
1.165051
1.167311
1.169572
1.171833
1.174096
1.176359
1.178622
1.180887
1.183153
1.185419
1.187686
1.189954
1.192222
1.194491
1.196761
1.199032
1.201303
1.203575
1.205848
1.208122
1.210396
1.212671
1.214946
1.217223
1.219499
1.221777
1.224055
1.226334
1.228613
1.230893
1.233174
1.235455
1.237737
1.240019
1.242302
1.244586
1.246869
1.249154
1.251439
1.253725
1.256011
1.258298
1.260585
1.262872
1.265160
1.267449
1.269738
1.272028
1.274318
1.276608
1.278899
1.281190
1.283482
1.285774
1.288066
1.290359
1.292652
1.294946
1.297240
1.299534
1.301829
1.304124
1.306419
1.308715
1.311011
1.313307
1.315604
1.317901
1.320198
1.322495
1.324793
1.327091
1.329389
1.331688
1.333986
1.336285
1.338584
1.340883
1.343183
1.345482
1.347782
1.350082
1.352382
1.354683
1.356983
1.359284
1.361584
1.363885
1.366186
1.368487
1.370788
1.373089
1.375390
1.377692
1.379993
1.382295
1.384596
1.386897
1.389199
1.391500
1.393802
1.396104
1.398405
1.400707
1.403008
1.405309
1.407611
1.409912
1.412214
1.414515
1.416816
1.419117
1.421418
1.423719
1.426020
1.428321
1.430621
1.432922
1.435222
1.437523
1.439823
1.442123
1.444422
1.446722
1.449021
1.451320
1.453619
1.455918
1.458217
1.460515
1.462813
1.465111
1.467409
1.469707
1.472004
1.474301
1.476598
1.478894
1.481191
1.483486
1.485782
1.488077
1.490372
1.492667
1.494962
1.497256
1.499550
1.501843
1.504136
1.506429
1.508721
1.511013
1.513305
1.515596
1.517887
1.520178
1.522468
1.524758
1.527047
1.529336
1.531625
1.533913
1.536201
1.538488
1.540775
1.543061
1.545348
1.547633
1.549918
1.552203
1.554487
1.556771
1.559054
1.561337
1.563619
1.565901
1.568183
1.570464
1.572744
1.575024
1.577303
1.579582
1.581860
1.584138
1.586415
1.588692
1.590968
1.593244
1.595519
1.597794
1.600068
1.602341
1.604614
1.606887
1.609159
1.611430
1.613701
1.615971
1.618240
1.620509
1.622778
1.625045
1.627313
1.629579
1.631845
1.634111
1.636376
1.638640
1.640903
1.643167
1.645429
1.647691
1.649952
1.652213
1.654473
1.656732
1.658991
1.661249
1.663506
1.665763
1.668019
1.670275
1.672530
1.674784
1.677038
1.679291
1.681543
1.683795
1.686046
1.688297
1.690547
1.692796
1.695045
1.697292
1.699540
1.701786
1.704032
1.706278
1.708522
1.710766
1.713010
1.715252
1.717495
1.719736
1.721977
1.724217
1.726456
1.728695
1.730933
1.733171
1.735408
1.737644
1.739880
1.742115
1.744349
1.746582
1.748815
1.751048
1.753279
1.755510
1.757741
1.759970
1.762200
1.764428
1.766656
1.768883
1.771109
1.773335
1.775560
1.777785
1.780009
1.782232
1.784455
1.786677
1.788899
1.791119
1.793339
1.795559
1.797778
1.799996
1.802214
1.804431
1.806648
1.808863
1.811078
1.813293
1.815507
1.817720
1.819933
1.822145
1.824357
1.826568
1.828778
1.830988
1.833197
1.835406
1.837614
1.839821
1.842028
1.844235
1.846440
1.848645
1.850850
1.853054
1.855258
1.857460
1.859663
1.861864
1.864066
1.866266
1.868466
1.870666
1.872865
1.875064
1.877262
1.879459
1.881656
1.883852
1.886048
1.888244
1.890439
1.892633
1.894827
1.897020
1.899213
1.901405
1.903597
1.905789
1.907979
1.910170
1.912360
1.914549
1.916738
1.918927
1.921115
1.923303
1.925490
1.927676
1.929863
1.932049
1.934234
1.936419
1.938604
1.940788
1.942971
1.945155
1.947338
1.949520
1.951702
1.953884
1.956065
1.958246
1.960427
1.962607
1.964787
1.966966
1.969145
1.971324
1.973502
1.975680
1.977858
1.980035
1.982212
1.984389
1.986565
1.988741
1.990917
1.993092
1.995267
1.997442
1.999617
2.001791
2.003965
2.006138
2.008312
2.010485
2.012658
2.014830
2.017002
2.019175
2.021346
2.023518
2.025689
2.027861
2.030031
2.032202
2.034373
2.036543
2.038713
2.040883
2.043053
