0.00000000
0.00217729
0.00435459
0.00653189
0.00870922
0.01088657
0.01306396
0.01524138
0.01741884
0.01959636
0.02177393
0.02395156
0.02612926
0.02830704
0.03048490
0.03266285
0.03484089
0.03701903
0.03919727
0.04137563
0.04355411
0.04573271
0.04791144
0.05009031
0.05226932
0.05444848
0.05662779
0.05880727
0.06098691
0.06316673
0.06534673
0.06752691
0.06970728
0.07188785
0.07406863
0.07624961
0.07843081
0.08061223
0.08279388
0.08497576
0.08715787
0.08934024
0.09152285
0.09370572
0.09588885
0.09807225
0.10025592
0.10243987
0.10462411
0.10680863
0.10899346
0.11117858
0.11336401
0.11554976
0.11773582
0.11992220
0.12210892
0.12429597
0.12648335
0.12867109
0.13085917
0.13304761
0.13523642
0.13742559
0.13961513
0.14180504
0.14399534
0.14618603
0.14837711
0.15056858
0.15276046
0.15495275
0.15714545
0.15933856
0.16153210
0.16372606
0.16592046
0.16811529
0.17031057
0.17250629
0.17470246
0.17689909
0.17909618
0.18129373
0.18349175
0.18569024
0.18788922
0.19008867
0.19228862
0.19448905
0.19668998
0.19889141
0.20109335
0.20329579
0.20549875
0.20770222
0.20990621
0.21211073
0.21431578
0.21652136
0.21872748
0.22093414
0.22314134
0.22534910
0.22755740
0.22976626
0.23197568
0.23418567
0.23639622
0.23860735
0.24081904
0.24303132
0.24524418
0.24745762
0.24967165
0.25188628
0.25410150
0.25631731
0.25853373
0.26075076
0.26296839
0.26518663
0.26740549
0.26962497
0.27184506
0.27406578
0.27628713
0.27850911
0.28073171
0.28295496
0.28517884
0.28740337
0.28962853
0.29185435
0.29408081
0.29630793
0.29853570
0.30076412
0.30299321
0.30522296
0.30745337
0.30968445
0.31191620
0.31414863
0.31638172
0.31861549
0.32084995
0.32308508
0.32532090
0.32755740
0.32979459
0.33203247
0.33427104
0.33651030
0.33875026
0.34099092
0.34323228
0.34547434
0.34771711
0.34996058
0.35220476
0.35444965
0.35669524
0.35894156
0.36118858
0.36343633
0.36568479
0.36793397
0.37018387
0.37243450
0.37468585
0.37693792
0.37919073
0.38144426
0.38369852
0.38595352
0.38820925
0.39046572
0.39272292
0.39498086
0.39723954
0.39949895
0.40175912
0.40402002
0.40628167
0.40854406
0.41080720
0.41307109
0.41533573
0.41760112
0.41986726
0.42213415
0.42440180
0.42667020
0.42893936
0.43120927
0.43347995
0.43575138
0.43802357
0.44029653
0.44257024
0.44484472
0.44711996
0.44939597
0.45167275
0.45395029
0.45622860
0.45850767
0.46078752
0.46306814
0.46534953
0.46763169
0.46991463
0.47219834
0.47448282
0.47676808
0.47905412
0.48134093
0.48362852
0.48591689
0.48820604
0.49049597
0.49278668
0.49507818
0.49737045
0.49966351
0.50195735
0.50425198
0.50654740
0.50884360
0.51114058
0.51343836
0.51573692
0.51803628
0.52033642
0.52263735
0.52493908
0.52724160
0.52954491
0.53184901
0.53415391
0.53645960
0.53876609
0.54107338
0.54338146
0.54569034
0.54800002
0.55031050
0.55262178
0.55493386
0.55724674
0.55956042
0.56187491
0.56419020
0.56650629
0.56882319
0.57114089
0.57345941
0.57577872
0.57809885
0.58041979
0.58274153
0.58506409
0.58738746
0.58971164
0.59203663
0.59436243
0.59668905
0.59901649
0.60134474
0.60367381
0.60600369
0.60833440
0.61066592
0.61299827
0.61533143
0.61766542
0.62000023
0.62233586
0.62467232
0.62700960
0.62934771
0.63168665
0.63402642
0.63636701
0.63870844
0.64105070
0.64339378
0.64573771
0.64808246
0.65042806
0.65277448
0.65512175
0.65746985
0.65981879
0.66216858
0.66451920
0.66687067
0.66922298
0.67157613
0.67393014
0.67628498
0.67864068
0.68099723
0.68335462
0.68571287
0.68807197
0.69043193
0.69279274
0.69515441
0.69751693
0.69988031
0.70224456
0.70460966
0.70697563
0.70934247
0.71171016
0.71407873
0.71644816
0.71881846
0.72118964
0.72356168
0.72593460
0.72830840
0.73068307
0.73305862
0.73543505
0.73781236
0.74019055
0.74256963
0.74494959
0.74733044
0.74971217
0.75209480
0.75447832
0.75686273
0.75924804
0.76163424
0.76402134
0.76640934
0.76879824
0.77118804
0.77357875
0.77597037
0.77836289
0.78075632
0.78315066
0.78554592
0.78794209
0.79033917
0.79273718
0.79513610
0.79753595
0.79993672
0.80233841
0.80474104
0.80714459
0.80954907
0.81195448
0.81436083
0.81676812
0.81917634
0.82158551
0.82399561
0.82640666
0.82881866
0.83123161
0.83364550
0.83606035
0.83847615
0.84089290
0.84331062
0.84572929
0.84814892
0.85056952
0.85299109
0.85541362
0.85783712
0.86026160
0.86268705
0.86511347
0.86754088
0.86996926
0.87239863
0.87482898
0.87726032
0.87969265
0.88212597
0.88456028
0.88699559
0.88943189
0.89186920
0.89430750
0.89674681
0.89918713
0.90162846
0.90407079
0.90651414
0.90895851
0.91140389
0.91385029
0.91629772
0.91874617
0.92119564
0.92364615
0.92609768
0.92855025
0.93100385
0.93345849
0.93591417
0.93837090
0.94082867
0.94328748
0.94574735
0.94820826
0.95067023
0.95313326
0.95559735
0.95806249
0.96052870
0.96299598
0.96546432
0.96793373
0.97040422
0.97287577
0.97534841
0.97782213
0.98029693
0.98277281
0.98524978
0.98772783
0.99020698
0.99268722
0.99516856
0.99765100
1.00013453
1.00261917
1.00510491
1.00759176
1.01007972
1.01256879
1.01505898
1.01755028
1.02004270
1.02253625
1.02503091
1.02752670
1.03002362
1.03252167
1.03502086
1.03752117
1.04002263
1.04252522
1.04502896
1.04753383
1.05003986
1.05254703
1.05505536
1.05756483
1.06007546
1.06258725
1.06510020
1.06761431
1.07012958
1.07264602
1.07516362
1.07768240
1.08020235
1.08272347
1.08524577
1.08776925
1.09029391
1.09281975
1.09534677
1.09787499
1.10040439
1.10293498
1.10546677
1.10799975
1.11053392
1.11306930
1.11560588
1.11814366
1.12068264
1.12322283
1.12576423
1.12830684
1.13085067
1.13339570
1.13594196
1.13848943
1.14103812
1.14358803
1.14613916
1.14869152
1.15124511
1.15379992
1.15635597
1.15891325
1.16147176
1.16403150
1.16659248
1.16915470
1.17171816
1.17428286
1.17684880
1.17941599
1.18198442
1.18455410
1.18712503
1.18969721
1.19227064
1.19484532
1.19742126
1.19999845
1.20257690
1.20515661
1.20773758
1.21031981
1.21290329
1.21548805
1.21807406
1.22066134
1.22324989
1.22583970
1.22843078
1.23102313
1.23361675
1.23621164
1.23880780
1.24140524
1.24400395
1.24660393
1.24920519
1.25180772
1.25441153
1.25701662
1.25962299
1.26223063
1.26483955
1.26744975
1.27006124
1.27267400
1.27528804
1.27790336
1.28051997
1.28313786
1.28575703
1.28837748
1.29099921
1.29362223
1.29624653
1.29887212
1.30149898
1.30412713
1.30675656
1.30938728
1.31201928
1.31465256
1.31728712
1.31992297
1.32256010
1.32519851
1.32783820
1.33047917
1.33312142
1.33576495
1.33840977
1.34105586
1.34370322
1.34635187
1.34900179
1.35165299
1.35430547
1.35695922
1.35961424
1.36227053
1.36492810
1.36758694
1.37024704
1.37290842
1.37557106
1.37823497
1.38090014
1.38356658
1.38623427
1.38890323
1.39157345
1.39424492
1.39691765
1.39959164
1.40226687
1.40494336
1.40762109
1.41030008
1.41298030
1.41566177
1.41834448
1.42102843
1.42371362
1.42640004
1.42908769
1.43177658
1.43446669
1.43715802
1.43985058
1.44254436
1.44523935
1.44793556
1.45063299
1.45333162
1.45603145
1.45873250
1.46143474
1.46413818
1.46684281
1.46954863
1.47225565
1.47496384
1.47767322
1.48038378
1.48309551
1.48580841
1.48852248
1.49123771
1.49395410
1.49667165
1.49939035
1.50211019
1.50483119
1.50755332
1.51027659
1.51300099
1.51572651
1.51845316
1.52118093
1.52390981
1.52663981
1.52937090
1.53210310
1.53483639
1.53757078
1.54030624
1.54304279
1.54578042
1.54851589
1.55125244
1.55398899
1.55674157
1.55948450
1.56222847
1.56497347
1.56771951
1.57046658
1.57321466
1.57596377
1.57871388
1.58146499
1.58421710
1.58697020
1.58972429
1.59247935
1.59523538
1.59799239
1.60075034
1.60350925
1.60626626
1.60902422
1.61178218
1.61455428
1.61731784
1.62008232
1.62284770
1.62561398
1.62838114
1.63114918
1.63391810
1.63668788
1.63945852
1.64223001
1.64500150
1.64777299
1.65054950
1.65332601
1.65610252
1.65887635
1.66165356
1.66443204
1.66720855
1.66998506
1.67276157
1.67555120
1.67833299
1.68111551
1.68389875
1.68668270
1.68946735
1.69225270
1.69503873
1.69782544
1.70061281
1.70340084
1.70618952
1.70897883
1.71176876
1.71455870
1.71735047
1.72014222
1.72293455
1.72572746
1.72852093
1.73130847
1.73409960
1.73689074
1.73968187
1.74247301
1.74526414
1.74805528
1.75084641
1.75363755
1.75648423
1.75928317
1.76208253
1.76488232
1.76768250
1.77048308
1.77328404
1.77608537
1.77888705
1.78168908
1.78449144
1.78729411
1.79009709
1.79290036
1.79570391
1.79850772
1.80131179
1.80411609
1.80692063
1.80972537
1.81253031
1.81533544
1.81814074
1.82094620
1.82375179
1.82655752
1.82936336
1.83216931
1.83497534
1.83778143
1.84058759
1.84339379
1.84620001
1.84900625
1.85181248
1.85461869
1.85742487
1.86023100
1.86303706
1.86584305
1.86864893
1.87145471
1.87426035
1.87706585
1.87987119
1.88267635
1.88548132
1.88828607
1.89109060
1.89389489
1.89669891
1.89950266
1.90230611
1.90510924
1.90791205
1.91071451
1.91351660
1.91631832
1.91911962
1.92192052
1.92472097
1.92752097
1.93032049
1.93311952
1.93591804
1.93871603
1.94151348
1.94431035
1.94710664
1.94990232
1.95269738
1.95549179
1.95828554
1.96107860
1.96387096
1.96666260
1.96945349
1.97224362
1.97503296
1.97782150
1.98060921
1.98339608
1.98618208
1.98896719
1.99175139
1.99453466
1.99731698
2.00009833
2.00287868
2.00565801
2.00843631
2.01121354
2.01398969
2.01676474
2.01953866
2.02231142
2.02508302
2.02785342
2.03062260
2.03339054
2.03615722
2.03892260
2.04168668
2.04444942
2.04721080
2.04997080
2.05272939
2.05548655
2.05824226
2.06099649
2.06374921
2.06650040
2.06925004
2.07199810
2.07474456
2.07748939
2.08023257
2.08297406
2.08571385
2.08845191
2.09118821
2.09392273
2.09665544
2.09938631
2.10211533
2.10484245
2.10756766
2.11029093
2.11301223
2.11573153
2.11844881
2.12116403
2.12387718
2.12658823
2.12929714
2.13200388
2.13470844
2.13741078
2.14011088
2.14280870
2.14550421
2.14819739
2.15088822
2.15357665
2.15626266
2.15894623
2.16162731
2.16430589
2.16698193
2.16965541
2.17232628
2.17499453
2.17766013
2.18032303
2.18298322
2.18564066
2.18829532
2.19094716
2.19359617
2.19624230
2.19888553
2.20152583
2.20416316
2.20679748
2.20942878
2.21205702
2.21468216
2.21730418
2.21992304
2.22253870
2.22515115
2.22776033
2.23036623
2.23296881
2.23556803
2.23816386
2.24075628
2.24334523
2.24593070
2.24593070
2.24593070
2.25623703
2.25623703
2.25880456
2.26136839
2.26392850
2.26648485
2.26903741
2.27158614
2.27413100
2.27667197
2.27920900
2.28174207
2.28427114
2.28679616
2.28931712
2.29183397
2.29434667
2.29686766
2.29938451
2.30185957
2.30436248
2.30684679
2.30933389
2.31181660
2.31429487
2.31676868
2.31923799
2.32170276
2.32416296
2.32661854
2.32906948
2.33151574
2.33395728
2.33639406
2.33882605
2.34125321
2.34367551
2.34609290
2.34850535
2.35091283
2.35331530
2.35571271
2.35810504
2.36049224
2.36287428
2.36525113
2.36762274
2.36998908
2.37235011
2.37470579
2.37705610
2.37940098
2.38174040
2.38407433
2.38640273
2.38872556
2.39104279
2.39335437
2.39566027
2.39796046
2.40025489
2.40254354
2.40482635
2.40710331
2.40937436
2.41163947
2.41389861
2.41615173
2.41839881
2.42063980
2.42287468
2.42510339
2.42732591
2.42954219
2.43175221
2.43395593
2.43615331
2.43834431
2.44052889
2.44270703
2.44487869
2.44704382
2.44920240
2.45135439
2.45349975
2.45563845
2.45777045
2.45989572
2.46201422
2.46412592
2.46623077
2.46832876
2.47041984
2.47250398
2.47459274
2.47665129
2.47871439
2.48077042
2.48281934
2.48486110