0.000000
0.001699
0.003397
0.005096
0.006795
0.008494
0.010193
0.011891
0.013590
0.015289
0.016988
0.018687
0.020386
0.022086
0.023785
0.025484
0.027184
0.028883
0.030583
0.032283
0.033982
0.035682
0.037383
0.039083
0.040783
0.042484
0.044184
0.045885
0.047586
0.049287
0.050988
0.052690
0.054392
0.056093
0.057795
0.059498
0.061200
0.062903
0.064605
0.066308
0.068012
0.069715
0.071419
0.073123
0.074827
0.076531
0.078236
0.079941
0.081646
0.083352
0.085058
0.086764
0.088470
0.090177
0.091883
0.093591
0.095298
0.097006
0.098714
0.100422
0.102131
0.103840
0.105550
0.107259
0.108969
0.110680
0.112390
0.114101
0.115813
0.117525
0.119237
0.120949
0.122662
0.124375
0.126089
0.127803
0.129517
0.131232
0.132947
0.134663
0.136379
0.138095
0.139812
0.141529
0.143247
0.144965
0.146683
0.148402
0.150121
0.151841
0.153561
0.155281
0.157002
0.158724
0.160445
0.162168
0.163890
0.165614
0.167337
0.169061
0.170786
0.172511
0.174236
0.175962
0.177688
0.179415
0.181142
0.182870
0.184598
0.186327
0.188056
0.189786
0.191516
0.193247
0.194978
0.196709
0.198441
0.200174
0.201907
0.203640
0.205374
0.207109
0.208844
0.210580
0.212316
0.214052
0.215789
0.217527
0.219265
0.221003
0.222742
0.224482
0.226222
0.227962
0.229704
0.231445
0.233187
0.234930
0.236673
0.238417
0.240161
0.241906
0.243651
0.245397
0.247143
0.248890
0.250637
0.252385
0.254133
0.255882
0.257632
0.259382
0.261132
0.262883
0.264635
0.266387
0.268139
0.269893
0.271646
0.273401
0.275155
0.276911
0.278667
0.280423
0.282180
0.283937
0.285695
0.287454
0.289213
0.290973
0.292733
0.294493
0.296255
0.298017
0.299779
0.301542
0.303305
0.305069
0.306834
0.308599
0.310365
0.312131
0.313898
0.315665
0.317433
0.319201
0.320970
0.322740
0.324510
0.326280
0.328052
0.329823
0.331596
0.333369
0.335142
0.336916
0.338691
0.340466
0.342242
0.344018
0.345795
0.347572
0.349350
0.351129
0.352908
0.354688
0.356468
0.358249
0.360031
0.361813
0.363595
0.365378
0.367162
0.368947
0.370732
0.372517
0.374303
0.376090
0.377878
0.379666
0.381454
0.383243
0.385033
0.386823
0.388614
0.390406
0.392198
0.393991
0.395785
0.397579
0.399373
0.401169
0.402964
0.404761
0.406558
0.408356
0.410154
0.411953
0.413753
0.415554
0.417354
0.419156
0.420958
0.422761
0.424565
0.426369
0.428174
0.429980
0.431786
0.433593
0.435400
0.437208
0.439017
0.440827
0.442637
0.444448
0.446260
0.448072
0.449885
0.451699
0.453513
0.455328
0.457144
0.458961
0.460778
0.462596
0.464414
0.466234
0.468054
0.469875
0.471696
0.473519
0.475342
0.477166
0.478990
0.480816
0.482642
0.484468
0.486296
0.488124
0.489954
0.491783
0.493614
0.495446
0.497278
0.499111
0.500945
0.502780
0.504615
0.506451
0.508288
0.510126
0.511965
0.513805
0.515645
0.517486
0.519328
0.521171
0.523015
0.524860
0.526705
0.528552
0.530399
0.532247
0.534096
0.535946
0.537797
0.539648
0.541501
0.543354
0.545209
0.547064
0.548920
0.550777
0.552635
0.554494
0.556354
0.558215
0.560077
0.561940
0.563804
0.565668
0.567534
0.569401
0.571268
0.573137
0.575007
0.576877
0.578749
0.580621
0.582495
0.584370
0.586245
0.588122
0.590000
0.591878
0.593758
0.595639
0.597521
0.599404
0.601288
0.603173
0.605059
0.606947
0.608835
0.610724
0.612615
0.614506
0.616399
0.618293
0.620188
0.622084
0.623981
0.625880
0.627779
0.629680
0.631582
0.633485
0.635389
0.637294
0.639200
0.641108
0.643017
0.644927
0.646838
0.648750
0.650664
0.652578
0.654494
0.656412
0.658330
0.660250
0.662171
0.664093
0.666016
0.667941
0.669866
0.671794
0.673722
0.675651
0.677582
0.679515
0.681448
0.683383
0.685319
0.687256
0.689195
0.691134
0.693076
0.695018
0.696962
0.698907
0.700854
0.702801
0.704750
0.706701
0.708653
0.710606
0.712560
0.714516
0.716473
0.718432
0.720392
0.722353
0.724316
0.726280
0.728245
0.730212
0.732180
0.734150
0.736120
0.738093
0.740066
0.742042
0.744018
0.745996
0.747975
0.749956
0.751938
0.753922
0.755907
0.757893
0.759881
0.761870
0.763861
0.765853
0.767846
0.769841
0.771837
0.773835
0.775835
0.777835
0.779837
0.781841
0.783846
0.785852
0.787860
0.789870
0.791880
0.793893
0.795906
0.797921
0.799938
0.801956
0.803975
0.805996
0.808019
0.810042
0.812068
0.814095
0.816123
0.818152
0.820183
0.822216
0.824250
0.826285
0.828322
0.830361
0.832400
0.834442
0.836484
0.838528
0.840574
0.842621
0.844669
0.846719
0.848771
0.850823
0.852877
0.854933
0.856990
0.859049
0.861108
0.863170
0.865232
0.867297
0.869362
0.871429
0.873497
0.875567
0.877638
0.879711
0.881785
0.883860
0.885937
0.888015
0.890095
0.892175
0.894258
0.896341
0.898426
0.900513
0.902600
0.904689
0.906780
0.908871
0.910964
0.913059
0.915155
0.917252
0.919350
0.921450
0.923550
0.925653
0.927756
0.929861
0.931967
0.934075
0.936183
0.938293
0.940404
0.942517
0.944631
0.946746
0.948862
0.950979
0.953098
0.955218
0.957339
0.959461
0.961584
0.963709
0.965835
0.967962
0.970090
0.972219
0.974349
0.976481
0.978614
0.980748
0.982883
0.985019
0.987156
0.989294
0.991433
0.993574
0.995715
0.997858
1.000001
1.002146
1.004292
1.006439
1.008586
1.010735
1.012885
1.015036
1.017187
1.019340
1.021494
1.023648
1.025804
1.027961
1.030118
1.032277
1.034436
1.036596
1.038757
1.040919
1.043082
1.045246
1.047411
1.049576
1.051743
1.053910
1.056078
1.058247
1.060416
1.062587
1.064758
1.066930
1.069103
1.071276
1.073450
1.075625
1.077801
1.079978
1.082155
1.084333
1.086511
1.088691
1.090870
1.093051
1.095232
1.097414
1.099597
1.101780
1.103964
1.106148
1.108333
1.110519
1.112705
1.114891
1.117079
1.119267
1.121455
1.123644
1.125833
1.128023
1.130214
1.132404
1.134596
1.136788
1.138980
1.141173
1.143366
1.145560
1.147754
1.149948
1.152143
1.154339
1.156534
1.158730
1.160927
1.163124
1.165321
1.167518
1.169716
1.171915
1.174113
1.176312
1.178511
1.180710
1.182910
1.185110
1.187310
1.189510
1.191711
1.193912
1.196113
1.198315
1.200516
1.202718
1.204920
1.207122
1.209324
1.211527
1.213729
1.215932
1.218135
1.220338
1.222541
1.224744
1.226948
1.229151
1.231355
1.233558
1.235762
1.237966
1.240169
1.242373
1.244577
1.246781
1.248985
1.251189
1.253392
1.255596
1.257800
1.260004
1.262208
1.264411
1.266615
1.268819
1.271022
1.273226
1.275429
1.277632
1.279836
1.282039
1.284242
1.286444
1.288647
1.290850
1.293052
1.295254
1.297456
1.299658
1.301860
1.304061
1.306263
1.308464
1.310664
1.312865
1.315065
1.317266
1.319465
1.321665
1.323864
1.326063
1.328262
1.330461
1.332659
1.334857
1.337054
1.339251
1.341448
1.343645
1.345841
1.348037
1.350232
1.352427
1.354622
1.356816
1.359010
1.361203
1.363396
1.365589
1.367781
1.369972
1.372164
1.374354
1.376544
1.378734
1.380923
1.383112
1.385300
1.387488
1.389675
1.391862
1.394048
1.396233
1.398418
1.400602
1.402786
1.404969
1.407151
1.409333
1.411514
1.413695
1.415874
1.418054
1.420232
1.422410
1.424587
1.426763
1.428939
1.431114
1.433288
1.435461
1.437634
1.439806
1.441977
1.444147
1.446316
1.448485
1.450653
1.452820
1.454986
1.457151
1.459315
1.461478
1.463641
1.465802
1.467963
1.470123
1.472281
1.474439
1.476595
1.478751
1.480906
1.483059
1.485212
1.487363
1.489514
1.491663
1.493811
1.495958
1.498104
1.500249
1.502392
1.504535
1.506676
1.508816
1.510955
1.513092
1.515229
1.517363
1.519497
1.521629
1.523760
1.525890
1.528018
1.530145
1.532271
1.534395
1.536517
1.538639
1.540758
1.542877
1.544993
1.547108
1.549222
1.551334
1.553445
1.555553
1.557661
1.559766
1.561870
1.563972
1.566073
1.568171
1.570268
1.572364
1.574457
1.576549
1.578638
1.580726
1.582812
1.584896
1.586978
1.589059
1.591137
1.593213
1.595287
1.597359
1.599429
1.601497
1.603563
1.605627
1.607688
1.609747
1.611804
1.613859
1.615911
1.617962
1.620009
1.622055
1.624098
1.626139
1.628177
1.630213
1.632246
1.634276
1.636305
1.638330
1.640353
1.642373
1.644391
1.646406
1.648418
1.650427
1.652434
1.654437
1.656438
1.658436
1.660431
1.662423
1.664412
1.666398
1.668381
1.670361
1.672338
1.674324
1.676307
1.678287
1.680264
1.682238
1.684210
1.686178
1.688144
1.690106
1.692066
1.694022
1.695976
1.697926
1.699873
1.701817
1.703758
1.705695
1.707629
1.709560
1.711488
1.713412
1.715333
1.717250
1.719164
1.721075
1.722982
1.724885
1.726785
1.728681
1.730573
1.732462
1.734347
1.736228
1.738106
1.739980
1.741849
1.743715
1.745577
1.747435
1.749289
1.751138
1.752984
1.754825
1.756662
1.758495
1.760324
1.762153
1.763968
1.764002
1.764037
1.771167
1.771203
1.773000
1.774793
1.776581
1.778364
1.780142
1.781915
1.783684
1.785447
1.787206
1.788959
1.790708
1.792451
1.794189
1.795926
1.797657
1.799384
1.801105
1.802820
1.804530
1.806235
1.807933
1.809626
1.811314
1.812995
1.814671
1.816340
1.818004
1.819661
1.821312
1.822957
1.824596
1.826228
1.827854
1.829473
1.831086
1.832692
1.834291
1.835884
1.837469
1.839048
1.840620
1.842184
1.843742
1.845292
1.846835
1.848371
1.849899
1.851419
1.852932
1.854438
1.855935
1.857425
1.858907
1.860381
1.861847
1.863305
1.864754
1.866196
1.867629
1.869053
1.870470
1.871877
1.873276
1.874667
1.876048
1.877421
1.878785
1.880139
1.881485
1.882822
1.884149
1.885467
1.886776
1.888075
1.889365
1.890645
1.891916
1.893176
1.894428
1.895669
1.896900
1.898121
1.899333
1.900534
1.901725
1.902905
1.904075
1.905235
1.906385
1.907524
1.908652
1.909769
1.910876
1.911972
1.913057
1.914131
1.915194
1.916246
