-326.040863 0.000000 -110.229218 0.000000 1.000000 0.000000 0.000000 0.000000 
339.867432 0.000000 -281.903198 0.000000 1.000000 0.000000 1.000000 0.000000 
-292.685791 0.000000 -488.984497 0.000000 1.000000 0.000000 0.000000 0.025641 
381.653931 0.000000 -623.785461 0.000000 1.000000 0.000000 1.000000 0.025641 
-238.556915 0.000000 -865.332825 0.000000 1.000000 0.000000 0.000000 0.051282 
442.175018 0.000000 -962.853027 0.000000 1.000000 0.000000 1.000000 0.051282 
-163.816345 0.000000 -1238.135864 0.000000 1.000000 0.000000 0.000000 0.076923 
521.247009 0.000000 -1298.080200 0.000000 1.000000 0.000000 1.000000 0.076923 
-68.691490 0.000000 -1606.265381 0.000000 1.000000 0.000000 0.000000 0.102564 
618.631104 0.000000 -1628.452271 0.000000 1.000000 0.000000 1.000000 0.102564 
46.529690 0.000000 -1968.607788 0.000000 1.000000 0.000000 0.000000 0.128205 
734.033264 0.000000 -1952.970581 0.000000 1.000000 0.000000 1.000000 0.128205 
181.499359 0.000000 -2324.067139 0.000000 1.000000 0.000000 0.000000 0.153846 
867.103638 0.000000 -2270.654053 0.000000 1.000000 0.000000 1.000000 0.153846 
335.809143 0.000000 -2671.567627 0.000000 1.000000 0.000000 0.000000 0.179487 
1017.439209 0.000000 -2580.539063 0.000000 1.000000 0.000000 1.000000 0.179487 
508.992096 0.000000 -3010.059570 0.000000 1.000000 0.000000 0.000000 0.205128 
1184.585938 0.000000 -2881.689697 0.000000 1.000000 0.000000 1.000000 0.205128 
700.524109 0.000000 -3338.516113 0.000000 1.000000 0.000000 0.000000 0.230769 
1368.037720 0.000000 -3173.194336 0.000000 1.000000 0.000000 1.000000 0.230769 
909.825989 0.000000 -3655.945068 0.000000 1.000000 0.000000 0.000000 0.256410 
1567.239624 0.000000 -3454.171631 0.000000 1.000000 0.000000 1.000000 0.256410 
1136.263550 0.000000 -3961.385010 0.000000 1.000000 0.000000 0.000000 0.282051 
1781.589355 0.000000 -3723.770996 0.000000 1.000000 0.000000 1.000000 0.282051 
1379.152954 0.000000 -4253.913574 0.000000 1.000000 0.000000 0.000000 0.307692 
2010.437622 0.000000 -3981.177246 0.000000 1.000000 0.000000 1.000000 0.307692 
1637.759399 0.000000 -4532.645020 0.000000 1.000000 0.000000 0.000000 0.333333 
2253.093018 0.000000 -4225.610840 0.000000 1.000000 0.000000 1.000000 0.333333 
1911.298828 0.000000 -4796.735352 0.000000 1.000000 0.000000 0.000000 0.358974 
2508.820313 0.000000 -4456.333984 0.000000 1.000000 0.000000 1.000000 0.358974 
2198.947021 0.000000 -5045.388184 0.000000 1.000000 0.000000 0.000000 0.384615 
2776.847412 0.000000 -4672.646484 0.000000 1.000000 0.000000 1.000000 0.384615 
2499.830078 0.000000 -5277.847656 0.000000 1.000000 0.000000 0.000000 0.410256 
3056.361816 0.000000 -4873.895996 0.000000 1.000000 0.000000 1.000000 0.410256 
2813.039551 0.000000 -5493.412598 0.000000 1.000000 0.000000 0.000000 0.435897 
3346.518555 0.000000 -5059.472168 0.000000 1.000000 0.000000 1.000000 0.435897 
3137.627197 0.000000 -5691.429688 0.000000 1.000000 0.000000 0.000000 0.461538 
3646.440186 0.000000 -5228.813965 0.000000 1.000000 0.000000 1.000000 0.461538 
3472.611084 0.000000 -5871.301270 0.000000 1.000000 0.000000 0.000000 0.487179 
3955.218994 0.000000 -5381.409180 0.000000 1.000000 0.000000 1.000000 0.487179 
3816.978516 0.000000 -6032.481445 0.000000 1.000000 0.000000 0.000000 0.512821 
4271.920898 0.000000 -5516.795898 0.000000 1.000000 0.000000 1.000000 0.512821 
4169.687012 0.000000 -6174.484863 0.000000 1.000000 0.000000 0.000000 0.538462 
4595.587402 0.000000 -5634.564941 0.000000 1.000000 0.000000 1.000000 0.538462 
4529.669922 0.000000 -6296.879883 0.000000 1.000000 0.000000 0.000000 0.564103 
4925.242188 0.000000 -5734.360840 0.000000 1.000000 0.000000 1.000000 0.564103 
4895.837402 0.000000 -6399.297852 0.000000 1.000000 0.000000 0.000000 0.589744 
5259.880371 0.000000 -5815.878418 0.000000 1.000000 0.000000 1.000000 0.589744 
5267.082520 0.000000 -6481.426758 0.000000 1.000000 0.000000 0.000000 0.615385 
5598.499023 0.000000 -5878.875000 0.000000 1.000000 0.000000 1.000000 0.615385 
5642.281250 0.000000 -6543.020508 0.000000 1.000000 0.000000 0.000000 0.641026 
5940.063965 0.000000 -5923.157715 0.000000 1.000000 0.000000 1.000000 0.641026 
6020.299316 0.000000 -6583.891113 0.000000 1.000000 0.000000 0.000000 0.666667 
6283.553223 0.000000 -5948.593262 0.000000 1.000000 0.000000 1.000000 0.666667 
6399.992676 0.000000 -6603.915527 0.000000 1.000000 0.000000 0.000000 0.692308 
6627.915527 0.000000 -5955.104492 0.000000 1.000000 0.000000 1.000000 0.692308 
6780.212891 0.000000 -6603.033203 0.000000 1.000000 0.000000 0.000000 0.717949 
6972.120605 0.000000 -5942.671387 0.000000 1.000000 0.000000 1.000000 0.717949 
7159.809570 0.000000 -6581.246582 0.000000 1.000000 0.000000 0.000000 0.743590 
7315.117676 0.000000 -5911.332520 0.000000 1.000000 0.000000 1.000000 0.743590 
7537.633789 0.000000 -6538.621582 0.000000 1.000000 0.000000 0.000000 0.769231 
7655.874023 0.000000 -5861.181641 0.000000 1.000000 0.000000 1.000000 0.769231 
7912.542969 0.000000 -6475.287598 0.000000 1.000000 0.000000 0.000000 0.794872 
7993.356445 0.000000 -5792.371094 0.000000 1.000000 0.000000 1.000000 0.794872 
8283.402344 0.000000 -6391.436035 0.000000 1.000000 0.000000 0.000000 0.820513 
8326.545898 0.000000 -5705.109375 0.000000 1.000000 0.000000 1.000000 0.820513 
8649.090820 0.000000 -6287.320801 0.000000 1.000000 0.000000 0.000000 0.846154 
8654.433594 0.000000 -5599.659668 0.000000 1.000000 0.000000 1.000000 0.846154 
9008.501953 0.000000 -6163.255859 0.000000 1.000000 0.000000 0.000000 0.871795 
8976.026367 0.000000 -5476.342285 0.000000 1.000000 0.000000 1.000000 0.871795 
9360.547852 0.000000 -6019.617676 0.000000 1.000000 0.000000 0.000000 0.897436 
9290.352539 0.000000 -5335.527832 0.000000 1.000000 0.000000 1.000000 0.897436 
9704.166016 0.000000 -5856.838867 0.000000 1.000000 0.000000 0.000000 0.923077 
9596.461914 0.000000 -5177.645020 0.000000 1.000000 0.000000 1.000000 0.923077 
10038.309570 0.000000 -5675.416504 0.000000 1.000000 0.000000 0.000000 0.948718 
9893.425781 0.000000 -5003.170410 0.000000 1.000000 0.000000 1.000000 0.948718 
10361.976563 0.000000 -5475.893066 0.000000 1.000000 0.000000 0.000000 0.974359 
10180.349609 0.000000 -4812.631348 0.000000 1.000000 0.000000 1.000000 0.974359 
10674.178711 0.000000 -5258.878906 0.000000 1.000000 0.000000 0.000000 1.000000 
10456.361328 0.000000 -4606.605469 0.000000 1.000000 0.000000 1.000000 1.000000 
